id,class_0,class_1,class_2,class_3
cb7a4e0dd0777,0.795421763019016,0.10287060184681267,0.09993951919214229,0.0017681159420289854
e78e3915f3e30,0.13188710907020015,0.2794299536905828,0.47477104722704594,0.11391189001217086
8e65ba155f983,0.6735441937608122,0.2218317327395786,0.10008919062744319,0.0045348828721656935
701e90ca03ce2,0.768995980788674,0.1486462109540166,0.08102302493395529,0.0013347833233536448
768fefec8609a,0.11708871627102395,0.10777238681507192,0.7168489905731594,0.058289906340744685
c82dda45a3b6a,0.79878714156314,0.09509773902212254,0.10400400830362627,0.002111111111111111
6341541975879,0.14170989500451697,0.7099453734851237,0.14301726078191004,0.0053274707284491395
e7f84a3f59af5,0.13248318876356346,0.2495739393692024,0.6097984016902095,0.00814447017702471
277c78d6c7d4a,0.09890169503846519,0.1555789691673405,0.6807100588779764,0.06480927691621807
b3f1bc31ff96f,0.7150998307122859,0.15451882335832115,0.12987676219414346,0.0005045837352495589
aa2489021c583,0.07631194219221048,0.7409260440634192,0.18080558172684102,0.001956432017529026
c0bc42b246e22,0.6871782843409643,0.1726440280032753,0.12868970445657435,0.011487983199185649
c9657b8e6a548,0.09710945192802621,0.6860503928685641,0.21308625889900676,0.003753896304402944
ac4fe0f041f4d,0.22021749892969403,0.626398974840484,0.15103938768320121,0.002344138546620669
78ec1dbea3802,0.3291341138310259,0.5707533220254823,0.09854273106485063,0.0015698330786411085
f7bc6efcda82c,0.8805206949176839,0.07035041299759481,0.04881945903745363,0.00030943304726761757
f398ea2f613e0,0.932317584695318,0.04086004574829655,0.026620908048208932,0.00020146150817657168
cf8133b7c888c,0.8896892082410836,0.06936022351109301,0.03471412163785344,0.006236446609969962
8ce644a1cf903,0.861017458545716,0.07661098658167448,0.06117661644111738,0.0011949384314917217
02557380b4cd2,0.44253203678358305,0.4905308692467998,0.06630154836413005,0.0006355456054871214
f294140a5b880,0.6666276036198866,0.17736441154227947,0.15078681873913957,0.00522116609869413
35e206e51cec4,0.6350630841349637,0.3201115587625889,0.043633425794071874,0.00119193130837537
7f3f7c6a395e7,0.6758401025766478,0.2331207676368716,0.08007373382205094,0.010965395964429634
54f9183c781c3,0.6103273762939362,0.24685734592469327,0.13902979122738757,0.003785486553982886
b7af9d800fd58,0.34238004871702066,0.5001409763081095,0.14925528607428418,0.00822368890058554
8d11b75a862a9,0.7403612467770092,0.18439659354720864,0.0713670375969964,0.0038751220787856056
472b44724b004,0.17976761637539024,0.6584708950711888,0.13926580419486678,0.02249568435855407
7e8ca30810da1,0.7376506007705644,0.21488667186050603,0.044813897579420614,0.002648829789508728
5bca7813a04a4,0.8269489380443065,0.05774274362107658,0.11514154895214414,0.00016676938247257487
e3206966caff1,0.859219988103005,0.04807260274016892,0.08335875631692481,0.009348652839900811
b15ccaed4e749,0.6788815788666984,0.22446571067657747,0.09560562276492095,0.001047087691802936
b1205a3226590,0.142733607638827,0.6539248024680739,0.20251905388179034,0.0008225360113085481
2167843fc903a,0.1858707099924797,0.7191316574707767,0.09300440732124877,0.0019932252154947427
8ab1c994e631f,0.17449085596135436,0.7095902868343011,0.11411167633113703,0.0018071808732073847
6a463ccadb0fc,0.8855531722549209,0.05587118688876133,0.05686585684406464,0.001709784012252824
40e03a3f0818b,0.6382274074058301,0.3164351771700351,0.045112595339210124,0.0002248200849244619
78a23bf98f576,0.7233132554740388,0.1791310865175637,0.09687556503895198,0.0006800929694455817
d8bf9bc40f956,0.2197336575030281,0.675358760837425,0.10224388725718685,0.0026636944023600874
c0e35faa240f7,0.6710397390644149,0.2048872938238696,0.12362137303960717,0.00045159407210837476
14a0b10f57350,0.14985351649192608,0.694983958457708,0.15369501083489415,0.0014675142154718637
67e6a57f18620,0.18429167416336042,0.6068833458779386,0.20641621410685748,0.002408765851843109
2a0354f66e21a,0.7110852283868716,0.22971639982087866,0.05259463898124326,0.006603732811006727
8836c1c470302,0.5615432525504577,0.24756958530819748,0.18515367136628139,0.005733490775063189
b21d74d065335,0.753989848059499,0.16071996146996115,0.08255107054642404,0.002739119924115865
bcf5869e52875,0.6872312694798711,0.26221261696465686,0.04988285815911544,0.0006732553963564205
826d04e097adf,0.6257352335151098,0.23630615764218363,0.13638868366966514,0.0015699251730412033
43dbabee0259d,0.6500230392979576,0.2312207675839143,0.11734536848742527,0.0014108246307027567
f5347d56c9571,0.2341012861980394,0.6403248400304787,0.12309238888052022,0.002481484890961589
4bf80ca51a695,0.12379993750807079,0.08133552628812071,0.7776105172294691,0.017254018974339327
4056fa615c6d4,0.7792657866645866,0.13953710174896108,0.08110813523498747,8.897635146499815e-05
2f3174b89420b,0.8507172255850104,0.08605272426349676,0.06257398954543202,0.0006560606060606061
de768558eabe5,0.5437725941992911,0.34750246714707245,0.10651639034056565,0.0022085483130705815
1d4918a8c517e,0.13484482849593366,0.7310868480265365,0.13354564794059776,0.0005226755369325352
25e8ada5ac109,0.06517251611177693,0.5688375306147582,0.35749489066811946,0.008495062605345416
9251f1d76a7bc,0.16289273692323417,0.7882723961403528,0.04851204675560864,0.000322820180804029
d0aede5463464,0.8648192539069174,0.1021369453709039,0.0320872916764547,0.0009565090457233807
b1a8865d46fab,0.7112475955222015,0.20449522399798833,0.08078905241773252,0.0034681280620776963
b44e327ed330d,0.5769012713032253,0.3310402430121245,0.08859673552209654,0.0034617501625535687
12cb022091521,0.32257317769175087,0.46171124100907884,0.2145250942157337,0.001190487083436496
85719c5eedc2e,0.7198351844386781,0.2387614584344396,0.04076699096152513,0.0006363661653570078
716f0621b2b8e,0.7945570830838302,0.14391979179764816,0.059888008091051964,0.0016351170274693288
0801fe2b85d8f,0.7870633926374844,0.15212221275914348,0.06048254561588036,0.000331848987491777
374e4d3d3a825,0.1758106621576568,0.733180193416317,0.09061238608630885,0.0003967583397172889
1f9c2b9bd550e,0.7616817640954266,0.16615542077845277,0.071722210566764,0.00044060455935649015
24849419778e6,0.07788453336902355,0.17297667645332726,0.6400834656296367,0.10905532454801245
d7c724436e10f,0.8070388175611961,0.1217554230171117,0.07089499368469716,0.00031076573699524517
35ac36a0e9332,0.7308778081903974,0.2121943907593471,0.053626542699720135,0.003301258350535236
67ca49cbe9963,0.5426816930663536,0.33208667927648483,0.11669251882101808,0.008539108836143464
a4432db98090a,0.1811344669073857,0.6930214352069654,0.12144341542972983,0.004400682455918926
a25b11e86b58f,0.6581181856374968,0.19978323686055013,0.14004656484595762,0.002052012655995446
1af7c95c6d14a,0.481001472187443,0.3665949523893523,0.14047742874866312,0.01192614667454188
64dab177f0701,0.2119912323579728,0.22000174279264872,0.5658827321050154,0.0021242927443631036
62e926e35e177,0.7614995225179689,0.17493254474659733,0.05873495444583165,0.0048329782896020836
eae92ee37d2a1,0.6285735241129629,0.27958867685130706,0.07805973325470648,0.01377806578102358
4622a2cb547e6,0.1355613785914278,0.08820882355664157,0.5971958629056515,0.1790339349462791
11fa91af86e8a,0.7726844609856931,0.13523649662014284,0.0911263849221646,0.0009526574719995555
a0b0ca0fe0f8c,0.7680463115736004,0.14433111905728663,0.08687110884305095,0.0007514605260619542
46685042b18d0,0.0881911167514475,0.13062040601697839,0.6699069851738451,0.11128149205772887
8dbe257f5968c,0.6696907152414303,0.24293328016959304,0.08680602341629116,0.0005699811726850309
e3d1904e5424e,0.15629864303368354,0.5632851226516596,0.277417088139899,0.002999146174757604
9c131d8b7f254,0.8319181668471768,0.07635248944176774,0.07356850381330463,0.0181608398977504
94e2c9578273d,0.6157689639545932,0.2719360447535817,0.09528024088371842,0.017014750408106454
021680f2208d1,0.4740982460052615,0.2595000794997119,0.22882950419774184,0.03757217029728471
2191f28b2de40,0.13414722189790507,0.39944745351376504,0.45365329389964215,0.012752030688687441
975564d687628,0.2025874725652068,0.7013683516352317,0.08821948949452613,0.007824686305035123
bf2b682a0e2a7,0.11045839545872861,0.8070202100242472,0.0781859462744082,0.004335448242615745
25821f039875a,0.6173635820939595,0.21716238911697125,0.12576283224725415,0.03971119654181496
98a8e0dca737c,0.475812517264945,0.26253271290373986,0.24977513670167656,0.011879633129638516
363506e7783d8,0.4779624285827689,0.3663553726215438,0.11760328654497272,0.03807891225071477
cadafc264a518,0.12810860250765085,0.37407253686587866,0.48983423866001913,0.00798462196645129
28611d81ea48c,0.6258668305794373,0.2787690282245531,0.07610284951065,0.019261291685359415
84dfe9e295a0f,0.14799769508856195,0.6868631206383049,0.155832269137643,0.00930691513549045
b483b623396ed,0.7721041296496567,0.1571073363375482,0.06874672216410418,0.00204181184869028
59525c19c0698,0.45517484321925106,0.43469296251402,0.0865096012522251,0.02362259301450413
762356929ecc4,0.6451757217241004,0.18816476951695507,0.16349576113317593,0.0031637476257685604
ba59d11627d44,0.11820973989905155,0.6239591641994878,0.2570158564928275,0.0008152394086332621
3cdf4c54bfd25,0.17388477786313927,0.6437300504770295,0.17485407469441674,0.007531096965414441
a3c0afc895e93,0.6027244372296432,0.2893544194951202,0.09270146280998329,0.015219680465253259
b3aa260237259,0.16474908731386173,0.6593814816291967,0.17476519892597764,0.001104232130963543
c5cb0e6223305,0.12309494861554039,0.16352250686698397,0.6949713056881508,0.01841123882932438
775be0b696943,0.9373435459339531,0.03196827990352752,0.02776605108887208,0.002922123073647468
8319f91f7977b,0.29973049820366676,0.43775904001554744,0.25130565743441574,0.011204804346370141
5836c85f705a6,0.15100376848826688,0.6492320087060404,0.19910706970946485,0.0006571530962275951
4f4bfdf8ea5b0,0.5077396594349506,0.4287684128735191,0.06327613774518895,0.00021578994634157293
80682f51ace43,0.11914730074678564,0.5408392922569667,0.3328171986987855,0.007196208297462072
40995f50c5d7a,0.6935124378376406,0.23751080389160195,0.06719012609177269,0.0017866321789844803
b923291687c65,0.6370159823876557,0.244599688256588,0.107951107631692,0.010433221724064192
caaf0aebea643,0.7341238525754616,0.18832976169721932,0.07643566811753254,0.0011107176097862896
9fa2cc2135e8b,0.11076926604497773,0.204287182473774,0.5330916710979947,0.1518518803832537
402e38da5ad87,0.21974292289476668,0.07212130874269007,0.6277278128257048,0.08040795553683834
429ee412fe5c3,0.12820230930625756,0.7962043611417354,0.07531068492390766,0.00028264462809917356
fe14355e17cd2,0.1451907059820706,0.23861928417129835,0.5881403087672058,0.028049701079425362
a4a4b9b6fd83b,0.4649621649105458,0.46464902760125165,0.06775643329708621,0.002632374191116417
dab22b2e2c565,0.8102719436145333,0.1307061582704523,0.05407914057922924,0.004942757535785509
a66a6167020bb,0.915135647175589,0.05558819562104952,0.028963147565261887,0.0003130096380994087
862a7bb19a980,0.5922162048677376,0.2921197225229633,0.10928484121535806,0.006379231393940849
1de7098788124,0.6907355573733145,0.1645058447896348,0.14346714910042768,0.0012914487366234753
44235ccb0e36d,0.6728498072653203,0.22152341385341434,0.1044981259225811,0.0011286529586839592
a7a8d0a8d52a2,0.193225457108014,0.726624524225078,0.07849086503140855,0.0016591536354990785
67a83bd433c7b,0.38323341382208975,0.468423217225686,0.13346942191839042,0.014873947033833877
521978c6fdf43,0.5828243605659006,0.2164572838187144,0.19923128537532062,0.0014870702400646418
1e2b9fcffc6a8,0.6364955308370278,0.27306081248352265,0.08587024045211901,0.004573416227330202
0b3d82a4c0ddb,0.2666563318486196,0.6070941003632121,0.1258777283322928,0.00037183945587562756
c6289f4576a04,0.6586031164844924,0.13952937245401467,0.20119463326321532,0.000672877798277433
f24039f1c761e,0.7264158774653879,0.1266106163993952,0.13961090168934423,0.007362604445872532
502eead3852f0,0.7802723122176194,0.09090537719697327,0.1287291886055492,9.312197985819447e-05
beab157ee3802,0.6535100406655995,0.3053707191670556,0.0401051148175423,0.0010141253498024388
3012f6bff8346,0.13356567727836696,0.1170350379305287,0.7301776089859383,0.01922167580516578
2d447319fb871,0.8708408060834141,0.06388307814040234,0.05923166637532554,0.0060444494008582254
10b40c22621c9,0.15418032851924035,0.6553699519683138,0.18861587341913139,0.0018338460933140818
ac20444958402,0.6850555270827775,0.2548255168883253,0.05726062437215692,0.0028583316567403266
866bf88b49ee8,0.17550372765041947,0.6441226090130994,0.17954984357358658,0.0008238197628942619
4cefde2135ab9,0.14144271880329787,0.10074085761233613,0.7548008973956066,0.0030155261887594904
f64500af3a21f,0.1868381519626964,0.6423711725705641,0.1685112485500817,0.0022794269166577443
6aa9c0e73a1c3,0.11376977521406852,0.7050854616744806,0.17737540223930018,0.0037693608721505165
d365e96ce426a,0.6582859840869035,0.2178656857605697,0.12277663771759696,0.0010716924349298282
cbe78e29da85a,0.6257403101476553,0.19959023875588106,0.15297240842988788,0.02169704266657545
03b264b18c8c1,0.15393816324396886,0.6875665865746958,0.15771864061982666,0.0007766095615083344
faab541957a50,0.6573598586254551,0.2661711605310574,0.07610317647563879,0.00036580436784868913
c8deb68c53946,0.9021182594989557,0.07421419367746147,0.02225543193617772,0.0014121148874043465
a33a73a205b5c,0.3203403928981954,0.6355393001839587,0.03909299928112051,0.005027307636725178
f50f1cb1526ea,0.5604080879645843,0.3882278566384574,0.04412555305455377,0.007238502342404657
ca77a3fbbf9a2,0.14220013425005318,0.7550311344481812,0.10216422057310298,0.0006045107286628428
c284a5b75de72,0.12653631490652126,0.7702876211262351,0.1018942314541248,0.0012818325131187735
984e8cc312693,0.6894728883665435,0.22317756596448363,0.0865418434679849,0.0008077022009876643
ecc2046956e4f,0.6385610850188744,0.19479663421593318,0.1657023747724812,0.0009399059927113525
113143d46c10a,0.8042906872008109,0.06714104772080944,0.12772982449274797,0.0008384405856315968
dbaed32fb3ff5,0.24662036365244813,0.5492497338136066,0.19306580988246566,0.011064092651479474
d59612009e4ff,0.6092065147028657,0.32086053352294736,0.06825851068745217,0.0016744410867347162
f09a4c1eb2241,0.7733030349453712,0.15693443436232068,0.06854340083731238,0.0012191298549960978
64babf6bc0c26,0.8445991362651248,0.10346648009764771,0.05097248212962148,0.000961901507605885
be28687c974bd,0.8412996793723794,0.07701987935680638,0.08102030971267006,0.0006601315581440902
69053937dbe2f,0.23285152749144886,0.3094311884215599,0.3886996148470488,0.06901766923994244
d3084c3eb130d,0.7356923236721135,0.2008502054326307,0.0629476634758156,0.0005098074194402471
c5800e7b90f66,0.1263326100568095,0.7630227916108886,0.10724757457147607,0.0033970237608254277
add129f1acd7b,0.6191914150440173,0.29705227503590526,0.08180202218911002,0.001954287730967319
fba5e868ad13d,0.7462540784197114,0.18138963344471684,0.06701332782048998,0.005342960315081386
9625ef6e74393,0.7103568721743869,0.2081807960058714,0.08077909351648145,0.0006832383032601513
1cf1d8d901491,0.6809127938771827,0.24782636103804304,0.06992887390002261,0.0013319711847513734
2db761e381e92,0.5802677669389443,0.22821321313825854,0.18890134991737817,0.0026176700054190514
73d2624de6c2a,0.10913459359612165,0.6004014323417561,0.2884825218252042,0.001981452236917834
14e864dec4a3e,0.6085350994532037,0.3030778557631405,0.0877904926655808,0.0005965521180749469
97f725ae08b5d,0.8821245894088671,0.07347216015643868,0.04132686345242312,0.0030763869822710327
22ca9470b6682,0.6288044833772294,0.2946623338690895,0.07583296326241083,0.000700219491269942
67acb94f3aa3f,0.24431689655033434,0.6039323499543253,0.14805251986723966,0.0036982336281004397
5ee565b1c6c58,0.592316883340395,0.28577268243870896,0.11011654301661818,0.011793891204277998
5e52fb52ddd67,0.5774204139097993,0.3342275033061846,0.0784319971506319,0.009920085633384163
c24a27bececc5,0.629176704187108,0.2667451299149162,0.06280772791870623,0.04127043797926947
82cdb80b63d3d,0.11378908297761456,0.805130211457848,0.07861572027434222,0.0024649852901950133
67a51dd0efc23,0.6221732941693702,0.2818254462445548,0.09275060776789483,0.003250651818180192
9f36283add9f7,0.7120698356941353,0.25050037570067407,0.03582471473734268,0.0016050738678478895
186b89dfadb80,0.5279896056893807,0.34133799478562743,0.12057419669161677,0.010098202833375194
67833ffa4484d,0.6705203848504364,0.2140644782882386,0.11473643162806671,0.0006787052332578278
bd7c0b9a281f2,0.6568350021550765,0.3135954023606316,0.02944320146473939,0.0001263940195521243
48c7f311b3c25,0.7317903259417684,0.15567450034368888,0.11061102556518387,0.0019241481493590248
181b0041ed23e,0.2056297118102761,0.5915564079671604,0.19971742712376772,0.003096453098795858
00ed5d7121970,0.8814378486035567,0.08588023202222654,0.03164415555224997,0.0010377638219666743
0664a0730b8d3,0.6734145080057506,0.1803932139414792,0.14586066838490333,0.00033160966786658264
ca330f389b732,0.743028728201606,0.17290362229882358,0.08331333581915462,0.0007543136804156154
b6ca4f41fe269,0.20322197519312962,0.7082977062481141,0.08672825600369848,0.0017520625550581214
f883a19389bb6,0.19318952639151146,0.6686420374879996,0.1343887952922505,0.0037796408282384925
47ab0d194aea4,0.613940337156355,0.30959684456210446,0.07560423164273297,0.0008585866388072903
24ba4f230e0d4,0.537213667466722,0.3186181721281018,0.11938588710483884,0.02478227330033752
e11ea669cd9ee,0.4054778511997762,0.5297141856586576,0.056802109248628,0.008005853892938106
d690b9ad73458,0.5983360225107296,0.29540146140843754,0.10498725960051342,0.0012752564803190421
77abe86f3bf63,0.7752021237663881,0.13919299719254857,0.08422105783745952,0.0013838212036032993
2f20b65953e25,0.5981454209253951,0.0891616020905802,0.14195214682075735,0.17074083016326733
3f5fb2cfcd506,0.8627748071337085,0.08637687969130463,0.04995842720135179,0.0008898859736349301
c41007d2dacc7,0.6231485873616259,0.3387572918113385,0.03783163300904081,0.000262487817994564
cf2fe07f47505,0.04907512651259442,0.1367608693444576,0.7168517893631363,0.09731221477981167
2c9a28808544f,0.6224023097652435,0.3114495089196667,0.058551033982135445,0.007597147332954395
ddbbb500adda5,0.6096829019328964,0.24067435223755435,0.14912639673540298,0.0005163490941462685
6e4386833e213,0.7495894463858668,0.09175114451216769,0.14601904024950652,0.012640368852459014
edc8aa6c76be2,0.9566316349540998,0.014813696397369801,0.02817077351744436,0.0003838951310861423
d725fb6e315e7,0.8255823164748074,0.10272583792817294,0.0662552369835055,0.005436608613513994
5894e1107180a,0.6177230445870487,0.31126113068084504,0.06273348167932444,0.008282343052781867
6360ae4028024,0.6946782634706098,0.2285534964851223,0.06963362778838388,0.007134612255884018
8dd44f20f12ed,0.7172129276430672,0.16312199270185443,0.11800732440766502,0.0016577552474133642
5a9fffd4e4065,0.15216096903117074,0.7120448667573406,0.13284747526651425,0.0029466889449743633
0582ccdaadae6,0.7456137159805699,0.16759281430456535,0.08317913519840799,0.003614334516456493
b4bd7db9b127d,0.13791205043419996,0.7245470683424969,0.1279303640129405,0.0096105172103624
1b13da9f6507f,0.5663512534197231,0.3290949551537502,0.08979060040483816,0.014763191021688748
5e40c3c6ab265,0.8824600222236856,0.022537632877693108,0.08916381525862822,0.005838529639992928
9c2adea981bc5,0.09271643975878456,0.7814816179493613,0.12382341489907085,0.0019785273927832667
4b65ffa78ed14,0.6605948229056067,0.14851555965624672,0.18949168909182706,0.0013979283463196662
d96590e39ef39,0.6877211540209126,0.22405270300729416,0.085056534895428,0.0031696080763652244
15e7e4741406c,0.6349417126675261,0.2530209372484796,0.11129213124703372,0.0007452188369602515
8f39c8f5291af,0.37045655279468886,0.4087452039856972,0.21270217413243675,0.008096069087177334
a2da9054e7e4d,0.7734902382936106,0.06492008338869329,0.1614229089352235,0.00016676938247257487
07c1dce74ac49,0.10138807966018354,0.8518465860564035,0.04640660938135421,0.0003587249020585943
34c99f80668f8,0.26802377829758145,0.5388609677723311,0.19168270694897938,0.001432546981108168
c0b9ab893b99f,0.7402549434607729,0.1904185713548816,0.06712148585292245,0.0022049993314227816
5e88107a79e3d,0.08323936358720106,0.8012616556190689,0.1151372596346782,0.00036172115905185607
069296eca3ce7,0.42072485950250227,0.4872496987050836,0.09059010904692365,0.0014353327454904416
778fc212e608f,0.6595846872467813,0.27285213058364716,0.06256287389875487,0.005000308270816556
23975751e2edc,0.6978902965982541,0.15531406824489027,0.1458687145907381,0.0009269205661178738
e670d24a28e5c,0.791224591258275,0.10057300735403883,0.10361801093293954,0.004584390454746492
cb0e2df1fe3ac,0.7435007748657901,0.1755251432306945,0.07959098401890986,0.001383097884605345
68c4e021daca2,0.09734529262117043,0.8325372817028937,0.06663430396017485,0.0034831217157611084
72a1e8e9ce54a,0.18246303737955652,0.6439832024163379,0.1634728775220737,0.01008088268203192
4c75afcaf529a,0.16494132168781372,0.6985584422045267,0.12851587866982606,0.007984357437833206
09c270bc976c8,0.7899823800357012,0.17141715799245014,0.03827851853596085,0.0003219434358874151
5db8c7a8eaf17,0.5923296295897655,0.31607917760245063,0.08448817524723334,0.007103017560550671
4ffd7a7e32026,0.6498835471113174,0.28165642038783933,0.06640639105321151,0.002053641447631828
0d20616daa3eb,0.586973227919777,0.29131946763323163,0.12046024050742038,0.0012470639395709172
755ed1cdfd528,0.062244538299184284,0.5337493804019229,0.4029471173458872,0.0010589639530055868
d5017beb72d4e,0.7375626162578327,0.20668614642795521,0.05528798615425235,0.0004632511599596455
db716b400d6d0,0.6534117618209325,0.18835101301452173,0.1569895062520246,0.0012477189125209853
3e51741276e13,0.7732711034543399,0.18480812844209388,0.04184948619502854,7.128190853743808e-05
89b746665e0f9,0.678376863534451,0.07556744738507343,0.22308318794144189,0.022972501139033496
9776f50625fa2,0.779699152787004,0.1450478242901254,0.07479972325828788,0.0004532996645821176
3add0fdb99a88,0.6331813571848752,0.29076762802954803,0.064447774801838,0.0116032399837388
496a9674bd046,0.7560552246298045,0.19619451880335287,0.0470897585998425,0.0006604979669999508
219d5402dcf1e,0.8078343284139965,0.05191583558519189,0.13958673302685606,0.0006631029739555384
2a78e9d519da3,0.6984645654106733,0.21360477900678074,0.08737231490945216,0.0005583406730935841
6156b124e4316,0.11726008658252017,0.8200143531653645,0.06229638554372968,0.0004291747083855464
247ce90b93083,0.28076565246073293,0.5876989216781932,0.13072260641726297,0.000812819443810961
460f9985fbc73,0.7248075009104383,0.1857363196844105,0.0891725884360639,0.00028359096908754444
42cbdc520be37,0.6291514171892368,0.233126526570606,0.13667300104113683,0.0010490551990203567
320edd9a92940,0.22121723040155047,0.5340630184187296,0.24394642377512063,0.0007733274045992488
fb03265150bd9,0.6355755916604029,0.22570753702197052,0.11567821354681883,0.02303865777080757
bdd3f3a112bd3,0.8317850781210906,0.13913240271418953,0.028130388234962597,0.00095213092975695
4d86db1e431e9,0.7072589613601294,0.12166458462201463,0.17045503974007692,0.0006214142777788819
efbc1956b8641,0.2400713553063931,0.6567777794471027,0.10227092846827036,0.0008799367782335616
a64d83abf14c1,0.15429548474565685,0.7573299384582611,0.08420932697058238,0.0041652498254992456
dd65244b7c5bf,0.544373613869582,0.2600619529600366,0.19394737453516997,0.0016170586352113028
a241e62ddc58a,0.6683764423709255,0.19338559170734282,0.13733282345459985,0.0009051424671317678
ef79022537337,0.5517240245569719,0.3570385150526163,0.08993556894911714,0.0013018914412949436
f9a5b9d1ccff6,0.24867987591419977,0.6423109341382552,0.10341604279520747,0.00559314715233736
6657ead7433fa,0.7190634652915692,0.20393074428670335,0.07374991395290124,0.003255876468825975
788aed91add51,0.09517886683288782,0.6533768944293046,0.24550305221607702,0.005941186521730405
017f2211fcd07,0.1461185341813027,0.7765034613056718,0.0724622725938784,0.004915731919146988
c72cf3813a67d,0.3368818669902175,0.5184524323469932,0.14405037522047046,0.0006153254423186679
f352fa8ff26c2,0.7016833204318337,0.21042993860171472,0.0871181455316437,0.0007685954348077884
eea4f719edcf1,0.1932776011831683,0.7706004895683644,0.03527293446477551,0.0008489747836917981
e617d9a4c0c6b,0.6377498853927197,0.2935657465717841,0.0684020903695291,0.0002822776659668828
e42b1f7b9f5c7,0.19727476970605665,0.6586195417641271,0.14089581009912952,0.0032098784306868943
77015a1bf9de1,0.1818316326273879,0.3072946768387399,0.5085079011678166,0.002365789366055488
bd9685887dbfd,0.27982121733725795,0.6750674972006891,0.04278994423161553,0.002321341230437545
9190a9f0e2f4a,0.703480404569437,0.07189198481567641,0.21835712458402157,0.00627048603086524
ea4ddfc999a50,0.11732955165613274,0.19109755160851613,0.6356076572255455,0.05596523950980559
4459363f63263,0.4504778198585778,0.41851641553847635,0.12559449901376563,0.005411265589180133
e70bfa4b8641a,0.8636750207670758,0.07545643122588425,0.05812398957584956,0.0027445584311902946
185349d3a3345,0.20542105275919373,0.5800345741984059,0.21387206380079996,0.0006723092416002165
b3308dc8e21c6,0.765994332086557,0.13519112790942858,0.09779284441834397,0.0010216955856702055
8f545aa1ca394,0.7657689203249517,0.13176373105306202,0.1015530802498911,0.0009142683720953007
d2b503fbee298,0.2621315052900664,0.5840932389666347,0.14732487980344913,0.006450375939849624
39bb6c38ab7ad,0.7276539376770385,0.1799774554893154,0.08962742364511966,0.002741183188526699
64bfe20a6bcd6,0.09178739752195593,0.5139270199633056,0.393745548203545,0.0005400343111933236
0bebce615255b,0.4434879169711206,0.4924259259153073,0.05595974849294774,0.008126408620624163
ee015edcbca43,0.5037691395867634,0.2713314417261364,0.22463265894069562,0.00026675974640456184
01c7d077036a5,0.09918508501307972,0.19879601916453055,0.6357789004701491,0.06623999535224068
629a17640b6f2,0.183791567218877,0.7249925736114378,0.09003071615290464,0.0011851430167803896
47a2252476f5b,0.7006858768643229,0.16749410727523814,0.13086855580217535,0.0009514600582634762
7d9bc6f969c44,0.3328618974629649,0.5233042410656988,0.13544307271236536,0.008390788758970948
7be02fcbce717,0.8851592828967622,0.06224496133432642,0.051714420338737535,0.0008813354301737468
7c00eb1151bac,0.3429853865301207,0.37017110502456174,0.27921867986432736,0.007624828580990079
034dc7bd5fbe1,0.6565342554329072,0.05949768013160779,0.1379190054312499,0.14604905900423507
93f07cbc1ee8a,0.9036016047390043,0.061635077857085864,0.034018705886509286,0.0007446115174005181
c69b302f54c62,0.1459920799340634,0.5308510758455257,0.32098316066895466,0.0021736835514564483
0753699f8e702,0.6704218942178575,0.17795275445292094,0.15148025863676093,0.00014509269246058514
5b58a3570e29d,0.08127753859750418,0.2316221474440142,0.47633369166202294,0.21076662229645865
72140bc89d304,0.5941171617992179,0.20184111550156986,0.20350151109798634,0.0005402116012257241
ead07bc039d39,0.3682864614857819,0.5901963315484116,0.03811229435009268,0.003404912615713722
927e9a313a2ff,0.07916599073355478,0.6605279459458551,0.23251662323858358,0.027789440082006667
9be30263c7873,0.1799776829781515,0.11527089039430682,0.6409099762633511,0.06384145036419059
5204af487c424,0.6557372165869971,0.2546366340509589,0.08468489421967794,0.004941255142365829
3b4f1cd954ecf,0.1103129206409527,0.783933996433271,0.10367153507818463,0.0020815478475918045
2e4438586cb1f,0.5693393833927912,0.3417154688081549,0.08256461201997684,0.006380535779076879
03f6d9dce4a94,0.8705133373685042,0.022793378161611116,0.05966629337761167,0.04702699109227254
85c4215076ee8,0.41741162992488007,0.4480776637793221,0.12441028957162552,0.010100416724172253
4e9e123860c43,0.5654123767963308,0.38011885296612247,0.05317334927379788,0.0012954209637489188
6b25bdb988de3,0.8889293861492178,0.07363936717968,0.036074661063798856,0.0013565856073032125
5bdf33752016b,0.16984654326593993,0.7331744915219609,0.092557166944414,0.0044217982676849656
52aaa9f845591,0.1045669830640528,0.8508498159318277,0.04440088998380873,0.00018231102031052233
ae15f24bf4448,0.1344225330426686,0.7950179055938413,0.0698243774066515,0.000735183956838394
601589fdbae68,0.1840671363777705,0.1462662791403625,0.6371669029052223,0.03249968157664453
861c17b3ed2c6,0.4760098610354412,0.46638992471315716,0.05675566486139763,0.0008445493900039355
a70b706946a1f,0.7264578735687198,0.17289059220251965,0.09758363362087233,0.003067900607888059
e93e92ee7091c,0.72475057957836,0.15074399561066237,0.12296230572202652,0.0015431190889512063
40cfee8fa3338,0.7808657325961653,0.13464782824331684,0.08264546629459403,0.0018409728659237875
32d3baf6d138b,0.5567935663296978,0.2079929323870544,0.22532193820667712,0.009891563076570336
9e45c78bb6bb2,0.6184196898885266,0.266723871374142,0.10434139170470504,0.010515047032626193
ee1b94b461f2c,0.9186853423621671,0.01426158806530331,0.06108514863148423,0.005967920941045116
f8ea3a7633ab2,0.7057753762320594,0.16012032862260875,0.13395920245287116,0.00014509269246058514
f9bf4ce79ba88,0.9056572487486462,0.030588173328682668,0.05573058509297005,0.00802399282970123
d5f8b6c8e4295,0.20876961283794895,0.5651950572998671,0.2248195469103969,0.0012157829517868742
50345cc9e464a,0.06545156918203066,0.13318844132251648,0.7544442228821413,0.0469157666133114
c2498069bdd1d,0.2816494512510605,0.5286866165615792,0.18246132111764302,0.007202611069717371
8c2a5aefae2ac,0.14562849814816284,0.7454147147843144,0.10706561883592308,0.0018911682315993666
619dac1665aaf,0.6211668517310175,0.2971616491785741,0.07857472364240736,0.003096775448000962
94277661e9626,0.14510710953680292,0.08607126317412588,0.7038162892487635,0.06500533804030736
14e2b10ce1cae,0.6954184284857453,0.2243811389490314,0.0795980538179156,0.0006023787473074302
0c13cabbd2598,0.12766359166003122,0.7258743133307003,0.14043025957687652,0.006031835432391658
a081aa02cf84b,0.6483306013379772,0.2834233693630193,0.06706627094018805,0.0011797583588151138
5fdc6d3cf8bfd,0.2106891768546556,0.5852081138112196,0.19775362766970017,0.006349081664424436
905a001a8964c,0.06329077017321164,0.8636615656840754,0.07246648832232762,0.0005811758203852351
9b4399c86c840,0.8761599991438086,0.09447683425376247,0.02895652975232077,0.00040663685010773766
caff54b28b2fe,0.677770526637823,0.2082120816086519,0.1126443598200939,0.0013730319334312124
f05f532cb3ba8,0.18371285855766306,0.6754719770070529,0.13749374234319625,0.0033214220920875464
cd0db99193ca9,0.7097408152404866,0.19455751980194033,0.0948043559963007,0.0008973089612720858
9d714bc62008f,0.7508643826334962,0.1358711726299257,0.11312936964549106,0.0001350750910868213
2d1a3240e6f24,0.10115090002318658,0.22192148806883477,0.616985544549907,0.059942067358071664
387bb54ba70cf,0.8153802962030157,0.14628186097875345,0.03805449293408654,0.0002833498841443231
b5059f66bb7de,0.5847901962666775,0.3590075988473857,0.054084532971658356,0.00211767191427859
2b07e3678dc45,0.13105287415479966,0.740340967925418,0.127919614223646,0.0006865436961365154
03df57200c351,0.9136376672632429,0.0565584938182905,0.029803838918466618,0.0
a81468bde1554,0.17925842741104056,0.5729094025384552,0.24282337479901525,0.005008795251489089
4cdee10298bcd,0.11162184829996524,0.12119587200867404,0.6836802524324664,0.0835020272588942
0967f5268aebf,0.6865218667869141,0.20354490066327854,0.10428728058674983,0.005645951963057268
d7fedd5615367,0.6057358779240665,0.3038139985494923,0.08078148313040287,0.009668640396038522
1b2f7add4b222,0.8482085494633013,0.12038188888437569,0.03046971573737323,0.0009398459149498452
0c86fae15fcc9,0.5107727756937447,0.15520013108387695,0.32453644834034073,0.009490644882037332
7909d9ac89a87,0.3886482291080292,0.4403443678867384,0.16170827853993208,0.009299124465300262
2aa613d131c22,0.16824219974878882,0.6558127041528193,0.17315684236909143,0.0027882537293004665
dc297e1356cdd,0.6678072475718746,0.20773476720553993,0.1239853357228885,0.00047264949969710396
3c69dbb1a3466,0.6230640614878077,0.29001894202451406,0.08466302100090259,0.0022539754867756923
0a6ada05bd94f,0.08841237680913636,0.7406422897826233,0.1704749052745085,0.0004704281337318869
908126d988984,0.14178541414064172,0.6988962855907039,0.1585814463301178,0.0007368539385364624
b3cde4c3a19c8,0.07060537652888575,0.1645368774991276,0.7003816549259442,0.0644760910460423
05af8f95ffd07,0.6725316608405842,0.15282087863202157,0.17418080904258723,0.0004666514848070918
0349f87fb4d2c,0.7143147667375344,0.22743564525663515,0.056732839435367596,0.0015167485704627977
382521416fa3f,0.8238863150329415,0.0878796800882402,0.08710350230798389,0.0011305025708343716
f96176399750f,0.3864606535353892,0.4398510640576428,0.16259758865125146,0.011090693755716521
208250b7966cd,0.29881691961997225,0.43807360775452087,0.2552873787287271,0.007822093896779571
1f7ad45393caf,0.6776942588117284,0.2441284330924951,0.07763119786631839,0.0005461102294580817
020874f416fab,0.7456541977039614,0.16584305816845596,0.08673969265288417,0.0017630514746980136
169a2386ddb22,0.7391105990006913,0.1892443240711659,0.06026064331290775,0.01138443361523458
dff5d34ecce71,0.14971317615960492,0.637426114513438,0.2123211309002841,0.0005395784266727276
3066d505297ab,0.45706917924924445,0.26888412256457345,0.26445928987539175,0.009587408310789927
05b3eafba09a3,0.5775479922659496,0.2685475239477821,0.15172396736679006,0.002180516419478303
ea8b67fb8cb2b,0.6278010125121953,0.26914273087515167,0.10237181975033531,0.0006844368623174445
4bce241560a7f,0.708606872174387,0.20993079600587142,0.08077909351648145,0.0006832383032601513
9750df627c4f9,0.6815259900352735,0.23255014454606615,0.08502622929157758,0.0008976361270827782
5026b4a9a9e96,0.11789303545929081,0.6749398207325419,0.20339733613651367,0.003769807671653614
fb868ca8f6d39,0.6532067010961381,0.301952744828565,0.044577289752088134,0.00026326432320845726
ee81453dc8232,0.1701488943781043,0.5175798167744247,0.3114152047414299,0.0008560841060408933
77c8d4117089e,0.8295339345554676,0.13895796705459953,0.028210085805702813,0.003298012584229783
fd650c0b9b25d,0.3712759418771763,0.49320002061153895,0.12698201650907637,0.008542021002208588
1293e46cf7416,0.6877654955816567,0.1749557627077354,0.13665307380452774,0.0006256679060800542
fca0598be79a9,0.7691457739244406,0.144175869720416,0.08666196291252054,1.639344262295082e-05
62f0457d06a96,0.7393016530936767,0.17969635022924085,0.0732350829828488,0.007766913694233295
fbee63367abb8,0.7199708109954867,0.15514084487671098,0.12359832306251942,0.0012900210652830152
3a2142eba4410,0.11248525058928927,0.5036163486097841,0.3828634889135689,0.001034911887357596
3b5af0dbb8ca5,0.14686652852990403,0.5046438665576831,0.34760861915482083,0.0008809857575918275
d1a1dc263b4a2,0.6938826678600191,0.24970101045932577,0.05249070205590714,0.003925619624747979
d23763652dab7,0.41935799286058867,0.405597166512818,0.1014028752338947,0.07364196539269875
c634b0a777bcd,0.23404835907227198,0.6152120003389446,0.14862753400802625,0.002112106580757001
751b6cd26a219,0.5157167676978158,0.33803237359290017,0.11135658609372814,0.03489427261555586
5332001aa6aef,0.19637551207608336,0.6609855277439052,0.14211270461453723,0.0005262555654741635
e4768ac20be62,0.9414318776246214,0.01347847715938358,0.043229115803347096,0.001860529412647846
db6a175b5d194,0.19270105688899203,0.618137846754496,0.1861705492684676,0.002990547088044028
0646b40a21a4e,0.25151127926473377,0.580309588911209,0.1676108397293378,0.0005682920947194546
56d5c15819380,0.10193517260257529,0.7725309275094966,0.12351350211131963,0.0020203977766082705
6f9e9f22e8832,0.557051080434274,0.3759305309508778,0.065944265469051,0.0010741231457972226
3fee42dba0b9b,0.7106883638008641,0.20690449630288715,0.08136032346764235,0.001046816428606464
17679e970b6a5,0.5012781650313154,0.37100502103686944,0.123605722636945,0.004111091294869814
3c6ea7f23ab36,0.3813057927373593,0.40548454407457735,0.20372820512635278,0.00948145806171039
5503c2dd949fa,0.09812512173198579,0.7758594683321622,0.12407959962990328,0.0019358103059485328
1996288063f3e,0.158958989134034,0.6295396500475667,0.20637166277960226,0.005129698038797209
92d86617221f1,0.0954663341867606,0.7260390960214349,0.17574220525693052,0.002752364534873916
b5369e70180f6,0.1468945605461454,0.7829044120726807,0.06387408446028633,0.0063269429208874595
9417602deda2e,0.17112461233850326,0.7307642551983217,0.09393556794160327,0.00417556452157163
5daeac7f03a0b,0.6898481475253181,0.2658379321994611,0.04196668903958411,0.0023472312356364656
c5984240e5ca1,0.6915047402523754,0.20073422980287883,0.10352753171436904,0.004233498230376838
564400d72a10d,0.6990442008748609,0.22707102167103504,0.07192751628057402,0.0019572611735300736
f62299b9ed03a,0.5668254761056787,0.28064934851783546,0.07886443196264561,0.07366074341384012
b86cc93ba15e6,0.7072309100995127,0.19766259805342215,0.08809733863790724,0.007009153209157477
6caf76dccf61b,0.15869463256889763,0.6646807776480906,0.17417668237207426,0.002447907410937344
e2beb78529389,0.11813090300952934,0.6923682679358266,0.18801971172697254,0.0014811173276714474
df0602bafc853,0.6375868103668093,0.2658351302144575,0.09290862660045822,0.0036694328182749715
af55c5cd70cc9,0.4991510182024889,0.4321564226007251,0.05943122875202603,0.009261330444759864
6f24d514b2cda,0.12643312331491097,0.7601406350855012,0.10838316932199657,0.005043072277591131
c86c7ee85f26a,0.7932085013157526,0.12708801793817598,0.07967593253670496,2.7548209366391185e-05
963b79cf906fa,0.6968151987259327,0.23272666606795864,0.0679401687745737,0.002517966431535173
6dc1538c8be1d,0.31830002606303576,0.5817336967372014,0.09875281595023595,0.0012134612495268938
51b91f1ad3b34,0.8549339386881559,0.09074043206676934,0.05421199288143837,0.00011363636363636364
d8100b944cf06,0.17432678523969705,0.6733333062269975,0.14392236377637077,0.008417544756934504
2253ca980a8a6,0.6968465318513235,0.14764471814963165,0.15421136157232362,0.001297388426720904
7471770845676,0.18543622106734156,0.5683277202314531,0.24254428737492384,0.0036917713262815195
70d420ad13d0c,0.5698648632031574,0.34549212986864675,0.07947122302345808,0.0051717839047375706
48036daabd02c,0.13388781317908932,0.5878364169015892,0.2719262222471308,0.006349547672190482
51b1129b73a45,0.7867070517248749,0.1553522146139986,0.052056182183274,0.00588455147785261
02fa1a16cd3f8,0.15450943972680833,0.6763302469559709,0.16493896795172716,0.004221345365493429
6133a8d0966d5,0.3118468822148321,0.4198282017894542,0.26404644108768066,0.004278474908033112
92b3cf64759c6,0.14000847903594826,0.49205023360360495,0.36757620722903617,0.0003650801314104554
736ef9d5c1d0a,0.17382166702027665,0.5711744906899265,0.2541790013762729,0.000824840913523711
17e43e152970b,0.6085387358985322,0.25519128670753255,0.13233965497148995,0.003930322422445246
221d09fc402a9,0.756309681452645,0.1720012745292771,0.06857615240296616,0.003112891615111839
faca71a6a7117,0.6842346179184564,0.21543840385467522,0.09955300025062769,0.0007739779762405433
181e02f126b06,0.8302070058571418,0.13837443276055084,0.030558080812569336,0.0008604805697379293
414ba022e2b58,0.2240416068470688,0.5252523060230666,0.2312298021117517,0.01947628501811289
601f766027bbb,0.4084713847142204,0.3931527379495228,0.19448856232175551,0.0038873150145013764
e69843ee7099d,0.929338861463794,0.05634769719340547,0.014095915964878112,0.00021752537792233545
845966878ecff,0.6186593127405958,0.27483359525519246,0.10019947487868101,0.006307617125530548
3d592226da83a,0.8906608673350737,0.06733745644940332,0.0415098648438478,0.000491811371674672
b67353b29b528,0.21033178962312646,0.6503872928963339,0.13671369520367618,0.0025672222768633244
37624dfdad110,0.7717575905994934,0.09434785212627338,0.13330184479095458,0.0005927124832783992
34b6c602595ee,0.5386289315190964,0.3667711366916185,0.06269254615865134,0.031907385630633646
8acefee135608,0.1617595312441057,0.6855361424783335,0.1520763509408402,0.000627975336720602
5d0e097609225,0.21399046472455951,0.6124157022246487,0.15583437521608792,0.01775945783470367
ed1835c1cc5a0,0.6080160123669236,0.3029234325366733,0.08829231760846508,0.0007682374879378518
da1e58444d18c,0.7039681349281045,0.21713078288305224,0.07887353397947681,2.7548209366391185e-05
41756c74f61c3,0.21027128334435796,0.5645419685376627,0.21830687337594948,0.006879874742029787
217a3419da062,0.08754176573595139,0.8652012169753615,0.04712360602387789,0.00013341126480929984
989a089c7cd37,0.9162500617144518,0.05220224564078964,0.02886006930284284,0.002687623341915766
