id,class_0,class_1,class_2,class_3
cb7a4e0dd0777,0.8121318681318681,0.14628205128205127,0.04158608058608059,0.0
e78e3915f3e30,0.20273809523809522,0.38376190476190464,0.3309761904761905,0.08252380952380953
8e65ba155f983,0.5926431704260652,0.2308274117671227,0.16950834052343974,0.007021077283372365
701e90ca03ce2,0.8541442822357125,0.0634908341468706,0.0823648836174168,0.0
768fefec8609a,0.07625396825396827,0.22356349206349208,0.5792936507936507,0.12088888888888888
c82dda45a3b6a,0.8347816091954023,0.09025862068965516,0.07495977011494254,0.0
6341541975879,0.1783756548658722,0.7017720067454589,0.11329573236342463,0.006556606025244247
e7f84a3f59af5,0.3383571428571429,0.27071978021978027,0.37592307692307697,0.015
277c78d6c7d4a,0.3012619047619048,0.15607142857142858,0.4660952380952381,0.07657142857142857
b3f1bc31ff96f,0.6303888888888889,0.1725793650793651,0.197031746031746,0.0
aa2489021c583,0.07089958770181895,0.732688440482051,0.19395742636158456,0.002454545454545455
c0bc42b246e22,0.71272151542815,0.1520537054710742,0.10869502199245307,0.026529757108322786
c9657b8e6a548,0.12432871125042701,0.7294647354085753,0.14613302392923286,7.352941176470588e-05
ac4fe0f041f4d,0.20189267099996358,0.5844991705160266,0.19676542375570036,0.016842734728309473
78ec1dbea3802,0.33875891338510106,0.5297558230301103,0.13086171186791482,0.000623551716873815
f7bc6efcda82c,0.872262226779857,0.09951617615534804,0.027826860222689574,0.00039473684210526315
f398ea2f613e0,0.9317074908144146,0.0354733922184101,0.032689667128987514,0.00012944983818770228
cf8133b7c888c,0.7909118825100134,0.128,0.036373831775700936,0.04471428571428571
8ce644a1cf903,0.8846668563456833,0.08209164481391243,0.033241498840404414,0.0
02557380b4cd2,0.4627957164600999,0.49716181778647534,0.039932876712328765,0.00010958904109589041
f294140a5b880,0.5394389519935526,0.1615247571486814,0.29869992224553543,0.0003363686122306812
35e206e51cec4,0.7010459322190414,0.27287335857419887,0.026080709206759627,0.0
7f3f7c6a395e7,0.6521728296510497,0.2525345379761829,0.0829478498645687,0.012344782508198515
54f9183c781c3,0.5640479235991276,0.31680081443711267,0.11506915319236147,0.004082108771398273
b7af9d800fd58,0.35513681589321533,0.4891053387600573,0.15311446447270335,0.0026433808740240323
8d11b75a862a9,0.831952313236796,0.098002168736601,0.06983933245959263,0.00020618556701030926
472b44724b004,0.27784372448099437,0.5135368893255942,0.11561148190240988,0.09300790429100145
7e8ca30810da1,0.7466445314095748,0.18922040140687385,0.053278847505543764,0.010856219678007477
5bca7813a04a4,0.6638253968253968,0.1786190476190476,0.15755555555555556,0.0
e3206966caff1,0.8352429335370511,0.05098192004074357,0.08425133689839573,0.02952380952380952
b15ccaed4e749,0.7695217054416281,0.18642487945026198,0.04405341510811011,0.0
b1205a3226590,0.15817002012072437,0.5874221998658617,0.2495627095908786,0.004845070422535212
2167843fc903a,0.10407547911993788,0.82212522032222,0.07252288536089231,0.0012764151969498123
8ab1c994e631f,0.13492419983265275,0.8070211552773272,0.05773022010899036,0.00032442478102979045
6a463ccadb0fc,0.8776674289525134,0.036581292906400074,0.08375127814108624,0.002
40e03a3f0818b,0.6334285714285715,0.3469047619047619,0.019666666666666666,0.0
78a23bf98f576,0.842304503849704,0.11410304525871853,0.042578299648746425,0.001014151242830811
d8bf9bc40f956,0.17502290237664833,0.7275672201387035,0.09540268102413903,0.002007196460509228
c0e35faa240f7,0.6328302732262884,0.2332335478485735,0.13387022674047208,6.595218466611707e-05
14a0b10f57350,0.15017355468012483,0.7469851332295997,0.10284131209027553,0.0
67e6a57f18620,0.13610953363724662,0.6008505941297956,0.2610997542368178,0.0019401179961398523
2a0354f66e21a,0.7100652160587196,0.2327979263971715,0.05707090535944261,6.595218466611707e-05
8836c1c470302,0.4638812080698101,0.15376949462323336,0.35257958566707337,0.029769711639883446
b21d74d065335,0.8512102159920211,0.08791183949770577,0.06033539033103185,0.0005425541792409905
bcf5869e52875,0.6043541147911466,0.3622620698829181,0.03312129165576836,0.00026252367016698226
826d04e097adf,0.7261187781410468,0.13601488067034884,0.13758062690288994,0.0002857142857142857
43dbabee0259d,0.6354119815424026,0.23671062384429117,0.11787739461330636,0.01
f5347d56c9571,0.21681124223803142,0.7073210186298016,0.07493909914534327,0.0009286399868237005
4bf80ca51a695,0.32299999999999995,0.043,0.63,0.004
4056fa615c6d4,0.638686741363212,0.2394542483660131,0.12185901027077498,0.0
2f3174b89420b,0.7517142857142857,0.16788095238095238,0.08040476190476191,0.0
de768558eabe5,0.5540679565369961,0.26806367480633353,0.17679979846415464,0.0010685701925156825
1d4918a8c517e,0.11364576576650384,0.7709708806453692,0.11444097372856422,0.0009423798595625221
25e8ada5ac109,0.021444444444444443,0.6863015873015871,0.29225396825396827,0.0
9251f1d76a7bc,0.21721328671328674,0.7558636363636363,0.026923076923076925,0.0
d0aede5463464,0.9197608697457516,0.06837273811815096,0.011866392136097524,0.0
b1a8865d46fab,0.6780448723492448,0.18212594947875765,0.1383964947604224,0.0014326834115752324
b44e327ed330d,0.6168359815917016,0.3291078315408337,0.0534408022520801,0.0006153846153846154
12cb022091521,0.3719580931146148,0.4762665744883136,0.14675117780769956,0.005024154589371981
85719c5eedc2e,0.7224237397997827,0.22006025240637989,0.05725546435717465,0.00026054343666283964
716f0621b2b8e,0.7798333333333334,0.10850000000000001,0.11166666666666668,0.0
0801fe2b85d8f,0.7744305594383871,0.1336062322487065,0.07476560324348124,0.01719760506942503
374e4d3d3a825,0.24854651749216966,0.6210360268461291,0.1252934211994314,0.005124034462269757
1f9c2b9bd550e,0.8176953096884252,0.11863916628021011,0.0633907492565901,0.00027477477477477475
24849419778e6,0.1863164502164502,0.18059900339582474,0.3938709861810337,0.2392135602066914
d7c724436e10f,0.6793290332855549,0.11719939480809045,0.20347157190635454,0.0
35ac36a0e9332,0.6838952120950426,0.26214356023002805,0.04930867045494848,0.004652557219980971
67ca49cbe9963,0.4007465114734006,0.3917673300349866,0.20282603932257748,0.00466011916903516
a4432db98090a,0.2861417286369757,0.6261053027825509,0.08333498107956207,0.004417987500911436
a25b11e86b58f,0.6227784899924876,0.22834165857468794,0.14887985143282434,0.0
1af7c95c6d14a,0.4388726869880141,0.3802476919010471,0.14360247748376728,0.03727714362717134
64dab177f0701,0.32817838433967467,0.19816103430619555,0.4726349403284887,0.0010256410256410256
62e926e35e177,0.826255337784131,0.15317866758138743,0.019102832638919688,0.0014631619955618594
eae92ee37d2a1,0.5983727953516733,0.27300401691414317,0.07720630996029314,0.05141687777389049
4622a2cb547e6,0.21600000000000003,0.067,0.5698888888888889,0.14711111111111108
11fa91af86e8a,0.8953517337306423,0.06763251910440361,0.03701574716495412,0.0
a0b0ca0fe0f8c,0.8127195995052467,0.11175241688315746,0.07521368993647742,0.00031429367511841733
46685042b18d0,0.17398529248529251,0.24429857444143155,0.35394542403409396,0.22777070903918195
8dbe257f5968c,0.46526616553118194,0.44816117641479003,0.08610524222188834,0.00046741583213969764
e3d1904e5424e,0.1116421502474134,0.44362798020692756,0.44464439946018885,8.547008547008548e-05
9c131d8b7f254,0.735393039049236,0.12343778801843315,0.11633583959899749,0.024833333333333332
94e2c9578273d,0.6382456226693187,0.237787644867833,0.09869669659122798,0.025270035871620453
021680f2208d1,0.48158523743945736,0.25328035562050905,0.2604285245870923,0.004705882352941176
2191f28b2de40,0.37863203638343895,0.2441998019512045,0.33660902188041036,0.040559139784946234
975564d687628,0.18470456733184612,0.735176720081258,0.07770363924761961,0.0024150733392762705
bf2b682a0e2a7,0.036736645132150185,0.9072730941538529,0.04656374015941575,0.009426520554581179
25821f039875a,0.6312698412698413,0.24100793650793648,0.08236868686868687,0.045353535353535354
98a8e0dca737c,0.3838095238095238,0.32797619047619053,0.27154761904761904,0.016666666666666666
363506e7783d8,0.5734167205343675,0.209703081232493,0.1898863032392444,0.026993894993894995
cadafc264a518,0.27636350297694834,0.4652302799907841,0.24507288369893412,0.013333333333333332
28611d81ea48c,0.6943809523809524,0.23119047619047617,0.07042857142857142,0.004
84dfe9e295a0f,0.12016118493493813,0.6151239054944919,0.263094713890151,0.0016201956804190898
b483b623396ed,0.8555732846284322,0.09781820770196309,0.04619179578680511,0.00041671188279978293
59525c19c0698,0.5355121166535209,0.4023300229808712,0.038727167718460714,0.02343069264714714
762356929ecc4,0.6036939345544782,0.1754792233691287,0.21398622221077057,0.006840619865622827
ba59d11627d44,0.10859037296848179,0.5846868681812548,0.3064936621938775,0.00022909665638570488
3cdf4c54bfd25,0.13283799510834604,0.6321790150195207,0.20664552137048575,0.028337468501647603
a3c0afc895e93,0.7096273911624469,0.22502997834216715,0.0540356336057386,0.011306996889647208
b3aa260237259,0.1575550271328624,0.6416677576048366,0.18037059651823487,0.02040661874406619
c5cb0e6223305,0.22600679513722988,0.19734134947178422,0.520842331581462,0.055809523809523816
775be0b696943,0.9386506480762792,0.03251900333482312,0.01801216677071589,0.010818181818181817
8319f91f7977b,0.36024758753791014,0.3294591949269369,0.284293217535153,0.026000000000000002
5836c85f705a6,0.1605832956277818,0.6743798162536982,0.16473985841554975,0.000297029702970297
4f4bfdf8ea5b0,0.4712619047619048,0.4846190476190476,0.04411904761904762,0.0
80682f51ace43,0.17716215375038902,0.4102844693432928,0.41255337690631805,0.0
40995f50c5d7a,0.7043095238095237,0.2396666666666667,0.05602380952380953,0.0
b923291687c65,0.565422778146448,0.3034940494785932,0.1217861426719885,0.009297029702970298
caaf0aebea643,0.7105862960099691,0.2147776372084582,0.07419323933874546,0.00044282744282744287
9fa2cc2135e8b,0.21031746031746032,0.27821978021978017,0.36068498168498164,0.15077777777777776
402e38da5ad87,0.23388095238095236,0.13123809523809524,0.4886428571428572,0.14623809523809522
429ee412fe5c3,0.2566904761904761,0.7072142857142859,0.0360952380952381,0.0
fe14355e17cd2,0.3136092241092241,0.2387340992340992,0.4385773115773115,0.00907936507936508
a4a4b9b6fd83b,0.4007301587301586,0.5566984126984128,0.029238095238095237,0.013333333333333332
dab22b2e2c565,0.893345399685399,0.0886838477119381,0.01790008122457103,7.06713780918728e-05
a66a6167020bb,0.8850040249605468,0.09314345075214639,0.021852524287306895,0.0
862a7bb19a980,0.6700262141051938,0.286189754920403,0.04241679558342245,0.001367235390980669
1de7098788124,0.6880944404861306,0.15364779638567325,0.15774308278073776,0.0005146803474585961
44235ccb0e36d,0.6961004605583225,0.23263410636261603,0.07126543307906145,0.0
a7a8d0a8d52a2,0.20964104396759986,0.6710317180200311,0.11926057134570232,6.666666666666667e-05
67a83bd433c7b,0.3575580669330669,0.45874000999000997,0.15974358974358976,0.02395833333333333
521978c6fdf43,0.479330698567847,0.16042094060807385,0.35907110329899566,0.0011772575250836121
1e2b9fcffc6a8,0.6114674375311381,0.30661724414286584,0.07897109827380017,0.0029442200521959077
0b3d82a4c0ddb,0.3313260081660551,0.5714145926134341,0.09720889417000574,5.050505050505051e-05
c6289f4576a04,0.5264749502103608,0.1097730035140962,0.3634443539678507,0.0003076923076923077
f24039f1c761e,0.7834360314482267,0.12691159653354778,0.08934467971053336,0.0003076923076923077
502eead3852f0,0.7068095238095238,0.15661904761904763,0.1299047619047619,0.006666666666666666
beab157ee3802,0.6942375708559273,0.27120938464843936,0.03431754785249348,0.00023549664313995524
3012f6bff8346,0.17614285714285718,0.15733333333333335,0.6148571428571429,0.05166666666666666
2d447319fb871,0.8038571428571428,0.09376190476190475,0.09488095238095237,0.0075
10b40c22621c9,0.15504546495777738,0.7086834082702453,0.1349249923097963,0.0013461344621808866
ac20444958402,0.5452380952380951,0.3302619047619047,0.12450000000000001,0.0
866bf88b49ee8,0.1725832956277818,0.6946020384759204,0.13251763619332754,0.000297029702970297
4cefde2135ab9,0.2679394011006914,0.17925266489782618,0.5208079340014823,0.032
f64500af3a21f,0.20670297858396353,0.5729212350197302,0.21693278495330479,0.0034430014430014426
6aa9c0e73a1c3,0.12129955750596524,0.6983749283886443,0.1662043019841785,0.014121212121212121
d365e96ce426a,0.6707296651070177,0.1524095258085454,0.17414027463506726,0.0027205344493695504
cbe78e29da85a,0.6021518975061175,0.11846385715695179,0.2639446848973703,0.01543956043956044
03b264b18c8c1,0.18699305708508682,0.696626452707705,0.11230696079544371,0.004073529411764706
faab541957a50,0.5897185076664069,0.33448823275545964,0.07562361300848695,0.00016964656964656968
c8deb68c53946,0.8729358974358974,0.11456410256410257,0.0125,0.0
a33a73a205b5c,0.5212143061514174,0.4329607232402449,0.036778061556443406,0.009046909051894309
f50f1cb1526ea,0.45271453591135397,0.5113401699238972,0.034964072960031525,0.0009812212047173418
ca77a3fbbf9a2,0.13292833627188863,0.6685218363645816,0.19521649403019642,0.003333333333333333
c284a5b75de72,0.15331339613725953,0.751817900732633,0.09452425868566289,0.0003444444444444444
984e8cc312693,0.6808192722093988,0.20884888943341665,0.10921367606918915,0.0011181622879956232
ecc2046956e4f,0.515999092734057,0.16074173741939723,0.32319321766187964,6.595218466611707e-05
113143d46c10a,0.7901233766233767,0.0739047619047619,0.13597186147186144,0.0
dbaed32fb3ff5,0.2642265047009056,0.5428913055008493,0.19203774535380064,0.0008444444444444444
d59612009e4ff,0.5945666970082165,0.3538109207482909,0.051271505050510084,0.0003508771929824561
f09a4c1eb2241,0.7739181968387807,0.1718663441486442,0.04982901212612828,0.004386446886446887
64babf6bc0c26,0.7590098159175573,0.14889884982461865,0.09209133425782419,0.0
be28687c974bd,0.8962490730271646,0.04856247824508615,0.055188448727749105,0.0
69053937dbe2f,0.20533992935352585,0.4184655140856405,0.349973651158314,0.026220905402519753
d3084c3eb130d,0.8329364000576406,0.10208744771365778,0.06491949500490557,5.6657223796033995e-05
c5800e7b90f66,0.15401225554986453,0.754586560745234,0.08298814599814959,0.008413037706751699
add129f1acd7b,0.6196120629740774,0.3318362853333041,0.04780963820146393,0.0007420134911543847
fba5e868ad13d,0.734767494820293,0.20653184296579907,0.058117041854167946,0.0005836203597397627
9625ef6e74393,0.7981466509879966,0.1837592169358938,0.01809413207610943,0.0
1cf1d8d901491,0.7271731411745218,0.21542584291740702,0.057140472471408514,0.00026054343666283964
2db761e381e92,0.5776681619550423,0.1636687954111904,0.25704966907921717,0.0016133735545500252
73d2624de6c2a,0.2002439240730468,0.43609097233321725,0.3626944034415288,0.0009707001522070016
14e864dec4a3e,0.5488479886126946,0.31018782851135784,0.1409641828759476,0.0
97f725ae08b5d,0.8687307406793535,0.09941822290685726,0.031851036413789245,0.0
22ca9470b6682,0.6007825554306573,0.31090200498822596,0.08831543958111678,0.0
67acb94f3aa3f,0.3002472114124387,0.563549942350312,0.13457447082588275,0.0016283754113664492
5ee565b1c6c58,0.7252941366871007,0.2402318791815733,0.03134384688351475,0.0031301372478111738
5e52fb52ddd67,0.7209263333059351,0.2242372130926689,0.053778076335097895,0.0010583772662980584
c24a27bececc5,0.593016516727371,0.3121375237608133,0.0684839553506869,0.026362004161128823
82cdb80b63d3d,0.10005709118201248,0.84935210382509,0.0428360080922392,0.007754796900658527
67a51dd0efc23,0.5265321639455985,0.3406948619071452,0.1327070219625901,6.595218466611707e-05
9f36283add9f7,0.7493005265171881,0.23996814740543762,0.010731326077374292,0.0
186b89dfadb80,0.5976673620206019,0.30115209128814135,0.08736270961868593,0.01381783707257068
67833ffa4484d,0.7009841139434133,0.2190614104686792,0.07988380420981557,7.06713780918728e-05
bd7c0b9a281f2,0.6186446654611211,0.37412206148282096,0.007233273056057866,0.0
48c7f311b3c25,0.7992079983678648,0.11110319713533302,0.08945431298629336,0.0002344915105088137
181b0041ed23e,0.23451871618625136,0.46235228149766977,0.30244735722849314,0.0006816450875856817
00ed5d7121970,0.8237675070028011,0.07077310924369748,0.0664593837535014,0.039
0664a0730b8d3,0.6909954617541216,0.15963688544335064,0.14936765280252792,0.0
ca330f389b732,0.719468565640661,0.20399292452906692,0.0764203141449376,0.00011819568533449555
b6ca4f41fe269,0.1680069036676835,0.7655398589935448,0.05994903867495299,0.006504198663818588
f883a19389bb6,0.2208927312816474,0.6231234132541625,0.15163227694840484,0.0043515785157851586
47ab0d194aea4,0.7519891088283029,0.20247524308754225,0.045474109622616526,6.153846153846154e-05
24ba4f230e0d4,0.5458372765545347,0.2888687035119104,0.1274955703211517,0.0377984496124031
e11ea669cd9ee,0.4877696505549292,0.49404989196433924,0.016917679869437145,0.001262777611294243
d690b9ad73458,0.5506565502882423,0.3628476965471598,0.0864298009799317,6.595218466611707e-05
77abe86f3bf63,0.8261783181283426,0.08273628078330136,0.0910854010883559,0.0
2f20b65953e25,0.5800162654110023,0.06472290891369839,0.14867491645781117,0.20658590921748818
3f5fb2cfcd506,0.7463847926267281,0.1609731182795699,0.07264208909370201,0.02
c41007d2dacc7,0.8142462652323432,0.16542826024218218,0.020325474525474525,0.0
cf2fe07f47505,0.29892857142857143,0.08026190476190476,0.5792380952380952,0.04157142857142857
2c9a28808544f,0.5888262603411617,0.31435850948683547,0.061768771715837535,0.03504645845616539
ddbbb500adda5,0.4481218960266694,0.33331319593351993,0.21814405861896113,0.0004208494208494208
6e4386833e213,0.7875725145114043,0.11314064661735493,0.09196404804414866,0.007322790827092077
edc8aa6c76be2,0.9032046332046332,0.02054054054054054,0.07292149292149293,0.003333333333333333
d725fb6e315e7,0.742835016835017,0.11516498316498316,0.10939393939393939,0.03260606060606061
5894e1107180a,0.8623289448965313,0.12009005531218092,0.016565126775414583,0.0010158730158730158
6360ae4028024,0.5989464189345464,0.3037907297475565,0.08259618465123053,0.014666666666666668
8dd44f20f12ed,0.7393528401171118,0.12684434857283383,0.13315765001973198,0.0006451612903225806
5a9fffd4e4065,0.10303220654262503,0.765670725720282,0.13013282082939162,0.0011642469077012536
0582ccdaadae6,0.7450785649399043,0.13567639099312948,0.11825862060100406,0.0009864234659621406
b4bd7db9b127d,0.14078578186544596,0.7537199116859652,0.09775943222717698,0.007734874221411943
1b13da9f6507f,0.726755391486507,0.210249804741647,0.04766028210403183,0.015334521667814184
5e40c3c6ab265,0.8654496520428724,0.05296968568155009,0.08158066227557752,0.0
9c2adea981bc5,0.07840824646023163,0.7318372636252123,0.18915046762891938,0.0006040222856366354
4b65ffa78ed14,0.6861943090326811,0.13425074784842228,0.17955494311889664,0.0
d96590e39ef39,0.8483749999999999,0.08364583333333334,0.06797916666666666,0.0
15e7e4741406c,0.6492571175376977,0.28183660034182156,0.06890628212048083,0.0
8f39c8f5291af,0.5081240779532684,0.2386362140194276,0.23223970802730387,0.021
a2da9054e7e4d,0.7160238095238095,0.11554761904761905,0.16842857142857146,0.0
07c1dce74ac49,0.034647296206618244,0.9262359429647566,0.03911676082862523,0.0
34c99f80668f8,0.24381102294290144,0.589776389539198,0.16277622388153698,0.0036363636363636364
c0b9ab893b99f,0.7063149411560875,0.20644362126913898,0.07687206585151007,0.010369371723263543
5e88107a79e3d,0.15935294534296043,0.7180229359497694,0.12232708900429996,0.000297029702970297
069296eca3ce7,0.3223727095432503,0.5806126089017455,0.09701468155500415,0.0
778fc212e608f,0.647952358338137,0.29499280052657306,0.05647637451520485,0.0005784666200851172
23975751e2edc,0.71103127828707,0.15433604434245177,0.12917813191593294,0.005454545454545454
e670d24a28e5c,0.5924126984126983,0.21160317460317457,0.19312698412698417,0.002857142857142857
cb0e2df1fe3ac,0.7835623936787701,0.161161179124903,0.05219932382611485,0.003077103370212014
68c4e021daca2,0.05086748386568707,0.9273710229231785,0.020394447567003073,0.0013670456441311314
72a1e8e9ce54a,0.3044991187188011,0.5244689873867864,0.1681838788769198,0.002848015017492655
4c75afcaf529a,0.08241287512119232,0.8222612418523003,0.09265830585361835,0.0026675771728888564
09c270bc976c8,0.8910965495986324,0.07250407075319047,0.03639937964817731,0.0
5db8c7a8eaf17,0.5730733793512907,0.3319974186936224,0.08775219592574869,0.007177006029338129
4ffd7a7e32026,0.6533861175648029,0.32552023148160414,0.020285685277772348,0.0008079656758205017
0d20616daa3eb,0.511683719575031,0.32041786776245346,0.1678984126625154,0.0
755ed1cdfd528,0.0708553574804851,0.3269192354251912,0.5942254070943238,0.008
d5017beb72d4e,0.5548229186068169,0.32188168187744454,0.12329539951573851,0.0
db716b400d6d0,0.6574119949953969,0.1568563467555893,0.18460571623338315,0.0011259420156308332
3e51741276e13,0.8399877722245322,0.11380496602606527,0.04582080009819631,0.0003864616512062144
89b746665e0f9,0.7625680753759706,0.09141658825692439,0.14560717310179883,0.0004081632653061224
9776f50625fa2,0.8123616831955929,0.11903948535425535,0.06787593988388706,0.0007228915662650603
3add0fdb99a88,0.49206026059155966,0.37639513704646527,0.06054267310057127,0.07100192926140382
496a9674bd046,0.7536428264999694,0.1973824653735368,0.04897470812649384,0.0
219d5402dcf1e,0.7117121318605164,0.057590770086182935,0.224982812339015,0.005714285714285714
2a78e9d519da3,0.7057981178983128,0.2214652714031221,0.07201494305484948,0.0007216676437155776
6156b124e4316,0.11459523809523808,0.7999761904761905,0.08542857142857142,0.0
247ce90b93083,0.31132068757701126,0.5063493858678458,0.18216463729894447,0.00016528925619834712
460f9985fbc73,0.6723854576913102,0.2007272706647797,0.12675506180427956,0.00013220983963033433
42cbdc520be37,0.5687939101176539,0.17713664707799914,0.25406944280434707,0.0
320edd9a92940,0.17275549268268495,0.4693994715997387,0.3555783690509097,0.002266666666666667
fb03265150bd9,0.6307142857142858,0.1754761904761905,0.16980952380952385,0.024000000000000004
bdd3f3a112bd3,0.8207460317460318,0.13404761904761905,0.04520634920634921,0.0
4d86db1e431e9,0.549437209659952,0.07593741042939385,0.3740498304601046,0.0005755494505494506
efbc1956b8641,0.27689158812031156,0.6542112052643967,0.06889720661529171,0.0
a64d83abf14c1,0.17613556335800676,0.7780926512632081,0.04230006161110331,0.003471723767681957
dd65244b7c5bf,0.5029761904761904,0.36247619047619045,0.13454761904761905,0.0
a241e62ddc58a,0.7521609039573411,0.12166428198624983,0.12526572314731796,0.0009090909090909091
ef79022537337,0.48962149246136816,0.39456940488253467,0.11537795355828141,0.00043114909781576447
f9a5b9d1ccff6,0.2233749121358092,0.6874073701591484,0.08850443208729646,0.0007132856177459095
6657ead7433fa,0.6087142857142857,0.3037857142857143,0.0875,0.0
788aed91add51,0.04585977151990329,0.6565210863080023,0.28951191986116936,0.008107222310924993
017f2211fcd07,0.12454315134810395,0.7788638150478316,0.07638143940116583,0.02021159420289855
c72cf3813a67d,0.29514285714285715,0.5340238095238096,0.16083333333333336,0.01
f352fa8ff26c2,0.7352734739115389,0.1644734664612363,0.10006419256379853,0.00018886706342636833
eea4f719edcf1,0.21414944838108999,0.7456308917923714,0.04007018299544729,0.00014947683109118085
e617d9a4c0c6b,0.5738488545010284,0.3153546477024738,0.1107964977964978,0.0
e42b1f7b9f5c7,0.1509667383665719,0.7268908916191984,0.12206884060246485,7.352941176470588e-05
77015a1bf9de1,0.25509920634920635,0.3875714285714285,0.3544821428571429,0.002847222222222222
bd9685887dbfd,0.15608730158730158,0.8014523809523808,0.04246031746031746,0.0
9190a9f0e2f4a,0.8813119871422112,0.06472716773276474,0.048246559410738514,0.005714285714285714
ea4ddfc999a50,0.13093170426065165,0.2746915204678363,0.5314601086048455,0.06291666666666666
4459363f63263,0.4585676079109377,0.43354630141355666,0.1069953612363892,0.000890729439116536
e70bfa4b8641a,0.816607243384462,0.10992931910506992,0.06203486608189653,0.011428571428571429
185349d3a3345,0.21055178957908588,0.6120143144780309,0.1770104239532827,0.00042347198960056184
b3308dc8e21c6,0.9085609649185145,0.060511576160184835,0.03072127335429031,0.00020618556701030926
8f545aa1ca394,0.6173511463610686,0.27271501736687237,0.10993383627205888,0.0
d2b503fbee298,0.28669047619047616,0.5318809523809525,0.17142857142857143,0.01
39bb6c38ab7ad,0.8641460862122626,0.05031094382197323,0.08509852552131963,0.00044444444444444447
64bfe20a6bcd6,0.05169161275281227,0.4507474460464056,0.4975609412007821,0.0
0bebce615255b,0.39891458723947837,0.4538639296887376,0.13036440695321305,0.016857076118570763
ee015edcbca43,0.41555555555555557,0.300031746031746,0.28441269841269845,0.0
01c7d077036a5,0.1839047619047619,0.1936190476190476,0.5702857142857143,0.05219047619047619
629a17640b6f2,0.1594704609116374,0.6844376114081997,0.15138604532722177,0.004705882352941176
47a2252476f5b,0.8007066979546067,0.1163901657594121,0.08290313628598131,0.0
7d9bc6f969c44,0.4282880187239135,0.4395269265016506,0.13091949989887497,0.0012655548755609956
7be02fcbce717,0.9061196884245476,0.027651776997225704,0.06622853457822689,0.0
7c00eb1151bac,0.3874060543938945,0.42406818923853173,0.18609638276773674,0.002429373599837072
034dc7bd5fbe1,0.5003489867620302,0.11396900683857204,0.09632125603864736,0.2893607503607504
93f07cbc1ee8a,0.8415757575757575,0.05627272727272727,0.10215151515151515,0.0
c69b302f54c62,0.12602834668656057,0.5021209155977596,0.3717652676302097,8.547008547008548e-05
0753699f8e702,0.7391927617206777,0.13551156294139244,0.12522972315326372,6.595218466611707e-05
5b58a3570e29d,0.14785714285714285,0.2383174603174603,0.47258730158730167,0.14123809523809525
72140bc89d304,0.4878811870238303,0.18472734918200243,0.3271615771832716,0.0002298866108956253
ead07bc039d39,0.44060791161653734,0.5369697758318889,0.016823307576449478,0.005599004975124378
927e9a313a2ff,0.09727335946623944,0.6644082874282108,0.22932361448193508,0.008994738623614636
9be30263c7873,0.21402497502497497,0.1365797535797536,0.5686633366633367,0.08073193473193474
5204af487c424,0.6770448683815584,0.20364380221967604,0.09438491389764735,0.024926415501118387
3b4f1cd954ecf,0.041427945697699836,0.8833758105944592,0.07504676687674988,0.00014947683109118085
2e4438586cb1f,0.468134608124763,0.4714758401905923,0.05675375521191963,0.0036357964727248594
03f6d9dce4a94,0.9028880684321681,0.0033921327316650714,0.0751459045535348,0.018573894282632147
85c4215076ee8,0.5355616314981639,0.28967466030004724,0.17187229046826566,0.002891417733522997
4e9e123860c43,0.5884347375093261,0.3975686745888794,0.004646251906854273,0.00935033599494031
6b25bdb988de3,0.7693444075304541,0.1149047619047619,0.09717940199335548,0.018571428571428572
5bdf33752016b,0.14845013542262722,0.7869226368429852,0.06259847171232685,0.002028756022060782
52aaa9f845591,0.12177342431579719,0.8553342138087902,0.02289236187541272,0.0
ae15f24bf4448,0.0896458998675898,0.8720906014355514,0.037489749794954834,0.0007737489019041321
601589fdbae68,0.22316666666666665,0.21280952380952378,0.5540238095238097,0.01
861c17b3ed2c6,0.45496947496947493,0.4909920634920635,0.05301282051282051,0.0010256410256410256
a70b706946a1f,0.8202502311883948,0.09659379226064445,0.08187458096621146,0.0012813955847490626
e93e92ee7091c,0.726039742912284,0.11487158432943778,0.15881219425782256,0.00027647850045559074
40cfee8fa3338,0.8909125596458387,0.0684710503227954,0.040410204464355545,0.00020618556701030926
32d3baf6d138b,0.6203847117794485,0.24466416040100253,0.1254706083390294,0.00948051948051948
9e45c78bb6bb2,0.7601656925491053,0.2052753793965668,0.0320950230111652,0.002463905043162592
ee1b94b461f2c,0.9240686996619201,0.02296968568155009,0.05296161465652991,0.0
f8ea3a7633ab2,0.7739603127228167,0.11268190275248786,0.11329183234002935,6.595218466611707e-05
f9bf4ce79ba88,0.8726698086769877,0.01642127268689187,0.09067558530278698,0.02023333333333333
d5f8b6c8e4295,0.1601762709468094,0.4596951403463618,0.37945272275357617,0.0006758659532526049
50345cc9e464a,0.07031227106227106,0.23727380952380955,0.5653763736263737,0.12703754578754578
c2498069bdd1d,0.27177200205677043,0.512901172607308,0.1951831987650057,0.020143626570915618
8c2a5aefae2ac,0.12064556382826015,0.845748314747253,0.03340589259153476,0.00020022883295194507
619dac1665aaf,0.510268735633886,0.4443666692846186,0.042971083273650026,0.0023935118078453853
94277661e9626,0.09678696741854637,0.05750877192982456,0.7767218045112781,0.06898245614035088
14e2b10ce1cae,0.7274412197694189,0.20190651129913342,0.07065226893144777,0.0
0c13cabbd2598,0.13797819116421295,0.6092369262787164,0.24556211825356858,0.007222764303502171
a081aa02cf84b,0.6963430340466872,0.26871504104776966,0.03414103946005355,0.0008008854454897621
5fdc6d3cf8bfd,0.2169989241964485,0.5511430037039309,0.2316430183361798,0.00021505376344086024
905a001a8964c,0.11250000000000002,0.8108333333333334,0.07666666666666667,0.0
9b4399c86c840,0.8192230530517342,0.1502314964709216,0.02916406909596328,0.0013813813813813814
caff54b28b2fe,0.6801777151699455,0.18597537683026857,0.13378095581511976,6.595218466611707e-05
f05f532cb3ba8,0.15700340927989295,0.7485037765526453,0.09299173940586819,0.0015010747615934116
cd0db99193ca9,0.7542960927960928,0.13050885225885228,0.11488736263736264,0.0003076923076923077
9d714bc62008f,0.807055854557883,0.1299988804299149,0.06191962398656111,0.0010256410256410256
2d1a3240e6f24,0.14345579858737756,0.3264698108908635,0.4687586010480747,0.06131578947368421
387bb54ba70cf,0.9343437862950057,0.05486062717770035,0.010795586527293843,0.0
b5059f66bb7de,0.5647283219767092,0.3665555109168012,0.06800946735462865,0.0007066997518610422
2b07e3678dc45,0.10760010660426333,0.800914084118197,0.09126280303468359,0.00022300624285588675
03df57200c351,0.9161850609649582,0.048139817629179335,0.03567512140586242,0.0
a81468bde1554,0.18244849720491219,0.4946353767159131,0.3158135619766107,0.007102564102564103
4cdee10298bcd,0.20435641025641027,0.12704263038548752,0.4998363335077622,0.16876462585034016
0967f5268aebf,0.6802423827768656,0.22818354314906042,0.09062962962962963,0.0009444444444444444
d7fedd5615367,0.6043904632209719,0.22053126653323857,0.16542658343142091,0.00965168681436842
1b2f7add4b222,0.7676850203405712,0.16122667173827998,0.07095885808296108,0.00012944983818770228
0c86fae15fcc9,0.7084340433847958,0.0811764705882353,0.2053894860269689,0.005
7909d9ac89a87,0.24845238095238095,0.32120695970695967,0.4146739926739926,0.015666666666666666
2aa613d131c22,0.18169673992842253,0.6320245020762095,0.18607397983837146,0.00020477815699658703
dc297e1356cdd,0.6816666687894607,0.1687377956408995,0.14940612659485034,0.00018940897478957386
3c69dbb1a3466,0.508845226385261,0.39233930790132876,0.09834082443112567,0.0004746412822845944
0a6ada05bd94f,0.036035718126742965,0.8832577222772882,0.08063303018420404,7.352941176470588e-05
908126d988984,0.16991557649817884,0.6187804268714294,0.2013039966303916,0.01
b3cde4c3a19c8,0.13911616161616164,0.27224731912967204,0.5107740853917325,0.07786243386243386
05af8f95ffd07,0.685581701295157,0.10014219522007207,0.2140163632250306,0.00025974025974025974
0349f87fb4d2c,0.6674803798352187,0.30542447516641064,0.026789182144020852,0.00030596285434995115
382521416fa3f,0.7925310245310245,0.10252380952380953,0.10494516594516595,0.0
f96176399750f,0.1507440874655822,0.6649817487834097,0.16572660899553265,0.018547554755475548
208250b7966cd,0.3318819806872905,0.27823535608933836,0.37670567207292877,0.013176991150442479
1f7ad45393caf,0.52442590350359,0.43633475554848206,0.0391733887632618,6.595218466611707e-05
020874f416fab,0.7542823300610344,0.1508543360936124,0.09413132989703349,0.0007320039483197589
169a2386ddb22,0.7023957447185494,0.2314728776735728,0.04696481719812036,0.01916656040975768
dff5d34ecce71,0.07151711766425985,0.7666779097404985,0.16169538355414592,0.00010958904109589041
3066d505297ab,0.42449999999999993,0.27266666666666667,0.2956111111111111,0.007222222222222222
05b3eafba09a3,0.5556881792144501,0.3007088208086962,0.14198981071553857,0.0016131892613149585
ea8b67fb8cb2b,0.6403728238802486,0.3322410721847701,0.02738610393498142,0.0
4bce241560a7f,0.8301488154901613,0.15175705243372936,0.01809413207610943,0.0
9750df627c4f9,0.6802625691306348,0.21695093208955465,0.10190095534314784,0.0008855434366628395
5026b4a9a9e96,0.0855481873908984,0.5749433109871089,0.33163945400294503,0.00786904761904762
fb868ca8f6d39,0.692575552611631,0.2984301083940303,0.008994338994338994,0.0
ee81453dc8232,0.24085088111602804,0.5188598321982655,0.2402892866857065,0.0
77c8d4117089e,0.7798646918389467,0.16928586097350398,0.0508494471875494,0.0
fd650c0b9b25d,0.13949298671448146,0.6445873468890077,0.21368524295416658,0.0022344234423442343
1293e46cf7416,0.6337286974065505,0.1564801283208244,0.20914601298230268,0.0006451612903225806
fca0598be79a9,0.6359322078887296,0.2049295535382492,0.15913823857302117,0.0
62f0457d06a96,0.6634276423118821,0.2535948799039166,0.08297747778420134,0.0
fbee63367abb8,0.7115642897828302,0.13460433682439565,0.15355489489231863,0.00027647850045559074
3a2142eba4410,0.07673712748578453,0.4095325503914473,0.5137303221227681,0.0
3b5af0dbb8ca5,0.11642857142857142,0.45609523809523805,0.42747619047619045,0.0
d1a1dc263b4a2,0.6560123379844298,0.3042519337015786,0.037663080182367276,0.00207264813162413
d23763652dab7,0.41011683606186217,0.4576369793774226,0.06710932255396349,0.06513686200675192
c634b0a777bcd,0.25559415791997364,0.6460670382972877,0.09628067188810796,0.002058131894630611
751b6cd26a219,0.6007786423955901,0.31139441472067925,0.06842542769953534,0.019401515184195438
5332001aa6aef,0.16279042725181728,0.7428536562202985,0.09255592692105367,0.0017999896068302535
e4768ac20be62,0.9103405302425484,0.03823664232929849,0.05115255715788297,0.0002702702702702703
db6a175b5d194,0.15542940369813005,0.6756302646081684,0.16719118969947566,0.0017491419942258716
0646b40a21a4e,0.3044343541359515,0.5474035159568273,0.1481116248567163,5.050505050505051e-05
56d5c15819380,0.10728668323639372,0.7989273810999041,0.09321043913813588,0.000575496525566119
6f9e9f22e8832,0.577005337704367,0.3967069306098432,0.026158281847602237,0.00012944983818770228
3fee42dba0b9b,0.6801771915587126,0.28298669424627,0.03666944752835076,0.00016666666666666666
17679e970b6a5,0.5425034696478136,0.3261000674781871,0.12413453425963647,0.007261928614362995
3c6ea7f23ab36,0.1878078355454593,0.2506822096129028,0.5536290667528292,0.007880888088808881
5503c2dd949fa,0.0890559425948547,0.7954821050104105,0.1147276369494887,0.0007343154452457559
1996288063f3e,0.11858057383399025,0.6159493807021341,0.26425710925623813,0.0012129362076374233
92d86617221f1,0.09952145931853591,0.711231975340019,0.18581660355065865,0.003429961790786533
b5369e70180f6,0.1263123166197831,0.8171632381709611,0.053505764166270946,0.00301868104298491
9417602deda2e,0.15730442812098888,0.7425852955045437,0.09815249411270333,0.0019577822617641194
5daeac7f03a0b,0.5377717884813003,0.41983194421313497,0.041903074167767285,0.0004931931377974544
c5984240e5ca1,0.6896397797044361,0.14557821680897057,0.16451815124384972,0.0002638522427440633
564400d72a10d,0.7052532714735628,0.26271740660248144,0.03162632964596368,0.00040299227799227803
f62299b9ed03a,0.5118933772009878,0.3418141995340564,0.13943736840244067,0.006855054862515027
b86cc93ba15e6,0.6836238407051557,0.16619816059685125,0.14990586094631683,0.00027213775167642633
6caf76dccf61b,0.1842762825044101,0.6179738528069071,0.19774986468868277,0.0
e2beb78529389,0.10231066721519,0.7696445717770917,0.09537963893940458,0.032665122068313915
df0602bafc853,0.7768705224062716,0.15710810642444373,0.06530888693221024,0.0007124842370744011
af55c5cd70cc9,0.21072123695886075,0.7729880519187451,0.014356209979972357,0.0019345011424219346
6f24d514b2cda,0.07878120163258794,0.8001749559756156,0.11899635625442982,0.0020474861373666817
c86c7ee85f26a,0.7367657450076806,0.18418740399385564,0.0790468509984639,0.0
963b79cf906fa,0.6088474092946542,0.291340573357651,0.09886854602271201,0.0009434713249826617
6dc1538c8be1d,0.14908557931430272,0.7741502292034207,0.07343085814894323,0.003333333333333333
51b91f1ad3b34,0.8530000000000001,0.12616666666666668,0.02083333333333333,0.0
d8100b944cf06,0.18072424396932715,0.5590613676737417,0.24463894650914347,0.015575441847787743
2253ca980a8a6,0.7913115039382571,0.034051071533830156,0.17241520230569043,0.0022222222222222222
7471770845676,0.21102976615129684,0.3885294837064572,0.3802971235713302,0.020143626570915618
70d420ad13d0c,0.6123088581024213,0.36004094804990466,0.019853979981000844,0.007796213866673101
48036daabd02c,0.0868656684719125,0.6525556745213358,0.24046906796565587,0.02010958904109589
51b1129b73a45,0.8431075770830516,0.14387714040986843,0.009600546774710388,0.003414735732369556
02fa1a16cd3f8,0.10711549552389955,0.6785902729262588,0.2129376687712887,0.0013565627785530427
6133a8d0966d5,0.27493428703984707,0.465655001726718,0.25530112219233897,0.004109589041095891
92b3cf64759c6,0.222984219269103,0.518204042081949,0.25881173864894796,0.0
736ef9d5c1d0a,0.23712471315880193,0.3904066787363098,0.3709545665908468,0.001514041514041514
17e43e152970b,0.6145555555555556,0.2456111111111111,0.13316666666666666,0.006666666666666666
221d09fc402a9,0.762820730175307,0.15658743276939538,0.07946778731185704,0.0011240497434405405
faca71a6a7117,0.7317260296325032,0.1467336159570049,0.120766736276049,0.0007736181344428767
181e02f126b06,0.6759397376816731,0.2585073063137579,0.04933317578478868,0.01621978021978022
414ba022e2b58,0.2498718440117742,0.5243275563431508,0.1866116158147707,0.039188983830304426
601f766027bbb,0.2752528124518416,0.2992950296453107,0.4119893747313267,0.013462783171521036
e69843ee7099d,0.9173691677372707,0.0790589985016842,0.003301563490774885,0.0002702702702702703
845966878ecff,0.6991211385007403,0.15123721309266888,0.14915469971172124,0.0004869486948694869
3d592226da83a,0.9100191138785695,0.05695560339987704,0.033025282721553466,0.0
b67353b29b528,0.13431425090531673,0.7417529786810281,0.12256237488644317,0.0013703955272122924
37624dfdad110,0.6260190476190476,0.10352380952380953,0.26545714285714284,0.005
34b6c602595ee,0.61768040993227,0.3008477620082115,0.03405674895767725,0.047415079101841374
8acefee135608,0.1547625212340493,0.6023634926006545,0.23866780059828596,0.00420618556701031
5d0e097609225,0.37532796390867923,0.474101833917363,0.14664559027205334,0.003924611901904291
ed1835c1cc5a0,0.6762808481608934,0.22702620864452033,0.09669294319458635,0.0
da1e58444d18c,0.6684333441658193,0.2085925098744209,0.12297414595975967,0.0
41756c74f61c3,0.19373332954343675,0.6316985877483725,0.173161979056758,0.0014061036514327508
217a3419da062,0.11164028062333146,0.8289412056869685,0.05941851368970012,0.0
989a089c7cd37,0.9483535245533293,0.036919405575442016,0.014727069871228673,0.0
6520f3877e2e5,0.9361999474303441,0.024477905154819117,0.03932214741483674,0.0
e2994b75e1ee9,0.5855709538690264,0.3510792073569644,0.06260782528285491,0.0007420134911543847
5bd59d6f5d3c4,0.12452861164957182,0.748439264484834,0.12616383054546096,0.0008682933201331022
cbdd780dbc84b,0.6338214885058779,0.3359464539248296,0.02973886443149512,0.0004931931377974544
6128302e056b1,0.15114125513955284,0.7033315116788355,0.13849125555638922,0.007035977625222476
cd2565e6b196e,0.3118679867986799,0.4014247996228193,0.2864101838755304,0.000297029702970297
fdc79f4bf07bd,0.8413272329329611,0.08255855549507973,0.07611421157195922,0.0
0538fbd0a3f10,0.8287525772803598,0.12562131220599107,0.037985444690087584,0.007640665823561531
5aef7e91cd563,0.3813809523809524,0.4888809523809524,0.12973809523809524,0.0
eb19d73dd04cf,0.7682026945847845,0.07623266475297129,0.15444132833101118,0.0011233123312331234
34aa96f4a74ec,0.7557640056022409,0.14883333333333332,0.08540266106442576,0.01
bc4045cdd22ea,0.420504996008995,0.47573408999542316,0.09091670894151894,0.01284420505406296
4a9f4c7803c0a,0.33334472934472936,0.556340455840456,0.10883333333333332,0.0014814814814814814
82b913f3d021d,0.6407086119710688,0.3120129149427106,0.03656682805812105,0.010711645028099522
d3b53224819ef,0.8046643793744377,0.10548579898281174,0.07829666981373647,0.011553151829013899
d14c43e0e8777,0.15870533910533913,0.17680955428284617,0.3821146836600253,0.28237042295178943
968949bb95702,0.027184172950763336,0.8175479411840968,0.15090162740963659,0.004366258455503307
c25ec584c7924,0.699871432772602,0.20483266858563964,0.0882446165904763,0.0070512820512820505
9312308b4133c,0.2293575562707532,0.5075399955648784,0.24813576524546715,0.014966682918901348
aee3803f46903,0.7047077094392707,0.08560226550917717,0.20938233274385973,0.0003076923076923077
