id,class_0,class_1,class_2,class_3
cb7a4e0dd0777,0.7059663465742619,0.25838086515029285,0.03162235088769955,0.004030437387745671
e78e3915f3e30,0.22238197392855225,0.22360148108060318,0.38137405038612854,0.17264249460471606
8e65ba155f983,0.6759779231784356,0.2330337687344032,0.08765946653041588,0.003328841556745377
701e90ca03ce2,0.694481820457301,0.27040559624556143,0.025807204149709637,0.009305379147427911
768fefec8609a,0.16075676779723988,0.11796185424034038,0.422733274644301,0.29854810331811865
c82dda45a3b6a,0.9125628434149082,0.058143927775302744,0.029066943979175166,0.000226284830613787
6341541975879,0.300158684629048,0.48675763177003756,0.19749425488013966,0.015589428720774793
e7f84a3f59af5,0.10820644654976436,0.12368344611087838,0.7662573642848829,0.0018527430544742858
277c78d6c7d4a,0.20675620314334664,0.11392190464899805,0.6733330440624565,0.005988848145198799
b3f1bc31ff96f,0.5514213315047605,0.36096922310295243,0.08693675697233991,0.0006726884199472871
aa2489021c583,0.14077684000962984,0.6400396274302559,0.21668348820308908,0.0025000443570252235
c0bc42b246e22,0.7977481446798623,0.1175842987026722,0.08237030325515328,0.0022972533623122266
c9657b8e6a548,0.2262813151682494,0.6554147530306136,0.11729498067839632,0.0010089511227406118
ac4fe0f041f4d,0.23038323800525154,0.32711857596400495,0.43974958329530695,0.002748602735436586
78ec1dbea3802,0.17271848294884296,0.7406571236242094,0.08326039753593074,0.003363995891016943
f7bc6efcda82c,0.8837838043711227,0.07071592013577349,0.044839306149250434,0.0006609693438534174
f398ea2f613e0,0.7825343210650216,0.1277165157071405,0.08925925920228348,0.0004899040255544333
cf8133b7c888c,0.8726979954407567,0.08032680241682573,0.015598338262335042,0.03137686388008268
8ce644a1cf903,0.7746570112769385,0.11391927999340892,0.1086891313981684,0.0027345773314842257
02557380b4cd2,0.21117384227683647,0.6722557508734732,0.11602943499906948,0.0005409718506209757
f294140a5b880,0.5826813040240417,0.16610666814937705,0.24838385804739446,0.0028281697791866676
35e206e51cec4,0.5945008531458169,0.3838428594203334,0.0198369119526341,0.0018193754812155763
7f3f7c6a395e7,0.41119609806131946,0.5399634248117763,0.03938400579661312,0.009456471330291238
54f9183c781c3,0.49191494808375796,0.23187804531804182,0.2685855961003157,0.007621410497884479
b7af9d800fd58,0.16019227494865448,0.7105591530789471,0.08980776275983815,0.0394408092125603
8d11b75a862a9,0.9345858516544515,0.0397371243731458,0.02459037199992871,0.0010866519724740628
472b44724b004,0.17801136817956292,0.2541783995747069,0.5529486951098835,0.014861537135846651
7e8ca30810da1,0.6409154866069486,0.329068920994159,0.029405590122106143,0.0006100022767862374
5bca7813a04a4,0.8050847957920185,0.17003983979846649,0.024175333687700234,0.0007000307218147066
e3206966caff1,0.9610017669070738,0.019091056804272102,0.019307255450330137,0.0005999208383240484
b15ccaed4e749,0.9381718869956244,0.04110512151917768,0.020138922270988253,0.0005840692142096174
b1205a3226590,0.21940693146116014,0.4654239542622821,0.3087095875069289,0.006459526769628959
2167843fc903a,0.14371941400089067,0.7700648861208045,0.08141614385339124,0.004799556024913676
8ab1c994e631f,0.2464241066256943,0.7310267591457107,0.021676530372365044,0.0008726038562299219
6a463ccadb0fc,0.6831742373730416,0.10933927053453457,0.2067479935087503,0.0007384985836734561
40e03a3f0818b,0.6695175286208742,0.3103609873774225,0.0185365862862199,0.0015848977154833584
78a23bf98f576,0.9436732846168144,0.03813476786598561,0.01764030556436469,0.0005516419528352239
d8bf9bc40f956,0.17132788950099337,0.7006792766269155,0.1261197393362556,0.0018730945358354993
c0e35faa240f7,0.6672031344522452,0.11889326329499682,0.21185147748037778,0.0020521247723802078
14a0b10f57350,0.36555354437135523,0.5233609684849936,0.10784672650788367,0.003238760635767568
67e6a57f18620,0.4282459857086362,0.40652485611736344,0.16247624768769928,0.0027529104863010224
2a0354f66e21a,0.673913357911755,0.24716027587115438,0.07715685539410153,0.0017695108229889445
8836c1c470302,0.6249273268742253,0.14302883012060613,0.2122112262812699,0.019832616723898584
b21d74d065335,0.9461347584276264,0.03700641161326908,0.016117256892251335,0.0007415730668529379
bcf5869e52875,0.6601459622813779,0.2894204223300019,0.049160664882644804,0.0012729505059754437
826d04e097adf,0.47625466096274455,0.21103566779012983,0.30733993424267786,0.005369737004447833
43dbabee0259d,0.6065338367853408,0.17056561497637926,0.22155951361091197,0.0013410346273680734
f5347d56c9571,0.21526907854435354,0.6508142236401732,0.1313900455016438,0.0025266523138295248
4bf80ca51a695,0.3258495474549023,0.10910366200577348,0.5637077163206985,0.0013390742186257408
4056fa615c6d4,0.7709400454518149,0.21261281534155135,0.014896810866335508,0.0015503283402982164
2f3174b89420b,0.7337535825745358,0.14749387964818442,0.11789209628524235,0.0008604414920375173
de768558eabe5,0.7953732528915249,0.10516275581858152,0.09771333113260375,0.00175066015728972
1d4918a8c517e,0.266648952336676,0.6684936961494823,0.062135117896087035,0.002722233617754691
25e8ada5ac109,0.1632103581932252,0.46024951604001985,0.36219084221630543,0.014349283550449529
9251f1d76a7bc,0.15590543243306748,0.7539714210786512,0.0890773695656834,0.0010457769225978783
d0aede5463464,0.8799988652692604,0.10702453872892775,0.01174251319086489,0.0012340828109467946
b1a8865d46fab,0.6928744710208823,0.2388512626710716,0.06576835794254174,0.0025059083655044403
b44e327ed330d,0.5576278653136262,0.4205931956576145,0.02102820037348743,0.0007507386552719976
12cb022091521,0.14402228856325613,0.570845749828095,0.28224838462467067,0.0028835769839781864
85719c5eedc2e,0.43900894781501054,0.5219267158906198,0.037739066033692224,0.0013252702606775136
716f0621b2b8e,0.8200435608168452,0.12063152623844413,0.0581047009785739,0.0012202119661368835
0801fe2b85d8f,0.8573117070197284,0.10692969375426228,0.03416043229638853,0.0015981669296207556
374e4d3d3a825,0.22685195433534344,0.558662316882163,0.2131564634278591,0.0013292653546343829
1f9c2b9bd550e,0.5666340760327675,0.30489090100898825,0.12692884608429233,0.0015461768739518649
24849419778e6,0.164321059774213,0.09933985048931304,0.22692347024127632,0.5094156194951976
d7c724436e10f,0.5918340849208721,0.25875436005037017,0.1476995531396731,0.0017120018890847152
35ac36a0e9332,0.8118975582634219,0.06950313043428452,0.10946325553249768,0.009136055769795827
67ca49cbe9963,0.6758140512133348,0.22460133214432285,0.08863667713122937,0.01094793951111298
a4432db98090a,0.12121354723258106,0.7637792851270946,0.11097197947113334,0.004035188169191107
a25b11e86b58f,0.4857067438910885,0.15631507704454758,0.356232990407759,0.0017451886566050114
1af7c95c6d14a,0.42698675993537655,0.46321442763326304,0.10139295345564033,0.008405858975720245
64dab177f0701,0.12301709060573551,0.18928942270021898,0.6795321209260419,0.008161365768003529
62e926e35e177,0.5078182334503306,0.4518696874078815,0.039453465060042756,0.0008586140817451182
eae92ee37d2a1,0.5345663131881729,0.28173399592436366,0.17853895554853658,0.005160735338926881
4622a2cb547e6,0.2048304258565851,0.07883099678813103,0.6865873773478388,0.029751200007445116
11fa91af86e8a,0.952811141688997,0.035431427917000095,0.011312872332044997,0.0004445580619577554
a0b0ca0fe0f8c,0.949093887938006,0.03118706001637175,0.01935390701279987,0.00036514503282239854
46685042b18d0,0.150312455961833,0.07017393213798323,0.2313159528308143,0.5481976590693696
8dbe257f5968c,0.42160288516697086,0.40380011542035166,0.17182876897025154,0.0027682304424257544
e3d1904e5424e,0.19020437394579887,0.38179606992765286,0.4229110674498655,0.0050884886766829635
9c131d8b7f254,0.8239737748652287,0.11571073456197821,0.01986484236686675,0.040450648205926115
94e2c9578273d,0.3745596446517979,0.582810014399453,0.04089285474800724,0.0017374862007418104
021680f2208d1,0.4310660823909635,0.33725246277162524,0.21875156970585194,0.012929885131559337
2191f28b2de40,0.20907899640017252,0.6944916311328609,0.08546199502318876,0.010967377443777737
975564d687628,0.1700224846919988,0.6881747330873746,0.13286599311294975,0.008936789107676679
bf2b682a0e2a7,0.01980709755706055,0.9393088080228515,0.03896012948456023,0.001923964935527663
25821f039875a,0.6187901367016174,0.2602168751140612,0.11756071999891507,0.0034322681854063253
98a8e0dca737c,0.403203797722152,0.4101849801557045,0.16983411491308004,0.016777107209063332
363506e7783d8,0.4602395686175338,0.2542826090236832,0.23617849633167845,0.04929932602710458
cadafc264a518,0.46000150345347934,0.248541167175105,0.27813655441260055,0.013320774958815234
28611d81ea48c,0.8650093580819578,0.09215408912715801,0.03334848740107678,0.009488065389807405
84dfe9e295a0f,0.27850341010522994,0.6691971135502109,0.04968942284316121,0.0026100535013977855
b483b623396ed,0.9471160254636783,0.032762438087854714,0.019296704300053685,0.0008248321484131212
59525c19c0698,0.5674958562675465,0.34576560963248903,0.06983397697721445,0.016904557122749943
762356929ecc4,0.5809220801280401,0.17392173163224245,0.2416995016088055,0.0034566866309119664
ba59d11627d44,0.16471499571003878,0.48682268188033606,0.3442787210326588,0.004183601376966501
3cdf4c54bfd25,0.22699995998781144,0.5079162396414441,0.25590634885390134,0.009177451516843156
a3c0afc895e93,0.6365160854612755,0.2729936300448555,0.08585746628170056,0.004632818212168646
b3aa260237259,0.2039774617840439,0.439454934388594,0.3197100122028044,0.03685759162455776
c5cb0e6223305,0.27970873429877074,0.17787059474286773,0.5013705426989891,0.04105012825937234
775be0b696943,0.9127769368631127,0.06673303027881343,0.016646182664168164,0.0038438501939057567
8319f91f7977b,0.23245008632797326,0.2631195724714935,0.5009379885170715,0.0034923526834618524
5836c85f705a6,0.36109007806958987,0.44256106804164186,0.19343113611371698,0.0029177177750513705
4f4bfdf8ea5b0,0.31472992346453005,0.6571555716206893,0.023282658989508428,0.004831845925272219
80682f51ace43,0.12200025167046229,0.31752636434590364,0.5551133435475389,0.005360040436095208
40995f50c5d7a,0.5584633920023576,0.3854595678185744,0.05536324475009963,0.000713795428968392
b923291687c65,0.7114087601539633,0.24803295486551374,0.03900619377017136,0.0015520912103518026
caaf0aebea643,0.618605367099853,0.27682447595550935,0.10317675362983128,0.0013934033148062116
9fa2cc2135e8b,0.27225852459550365,0.16053822309378046,0.40746692625047415,0.15973632606024182
402e38da5ad87,0.13333983460593696,0.05104865008529609,0.7913283519644332,0.024283163344333804
429ee412fe5c3,0.6899595897410697,0.19834404333354264,0.1106177396981461,0.0010786272272415966
fe14355e17cd2,0.4769101619155751,0.2731977960249395,0.2221537889493625,0.027738253110122752
a4a4b9b6fd83b,0.48609869458136895,0.49155921896959315,0.020485328748922168,0.0018567577001157528
dab22b2e2c565,0.9252289730192196,0.04345038189690231,0.030409756641714185,0.0009108884421639893
a66a6167020bb,0.7216533502573507,0.25263977143697774,0.02424267544456908,0.0014642028611025755
862a7bb19a980,0.6182588580275632,0.3137748381539622,0.06590936545056408,0.0020569383679103184
1de7098788124,0.5864369865523128,0.11896470666276134,0.29029346246450655,0.004304844320419268
44235ccb0e36d,0.6191069107017612,0.3585329261445454,0.02087017935640384,0.0014899837972897438
a7a8d0a8d52a2,0.162094753198826,0.6638776259981851,0.1730551025574741,0.0009725182455147345
67a83bd433c7b,0.15708589314629126,0.7312898280531418,0.10733586322364926,0.004288415576917624
521978c6fdf43,0.5374222905212808,0.15635981515080985,0.30192601436363287,0.004291879964276513
1e2b9fcffc6a8,0.5860323625438083,0.28934331879932307,0.11828734768271557,0.006336970974153123
0b3d82a4c0ddb,0.2191628382983282,0.5872748382377792,0.1916996871130741,0.0018626363508184674
c6289f4576a04,0.5586006819644715,0.15806018966397953,0.281845559718056,0.0014935686534930058
f24039f1c761e,0.5772751220468227,0.37257299314956016,0.04229448759874505,0.007857397204872042
502eead3852f0,0.6555106689769458,0.30548783863074547,0.032257090071102515,0.006744402321206249
beab157ee3802,0.5714170025893234,0.2950758391480236,0.1312747397645432,0.0022324184981097808
3012f6bff8346,0.09341559934341977,0.07050358596114904,0.8304019887183092,0.005678825977121845
2d447319fb871,0.8395314938862387,0.1320336164593393,0.020832918990196934,0.007601970664224867
10b40c22621c9,0.1931570877192625,0.7052315852438337,0.09916840993387512,0.0024429171030288096
ac20444958402,0.4246198105784244,0.5079456087052394,0.06562362794016469,0.0018109527761716096
866bf88b49ee8,0.37544873415373603,0.46015939753940693,0.16154881285760106,0.0028430554492559173
4cefde2135ab9,0.258152687329188,0.22681760413599,0.49293553219411546,0.022094176340706657
f64500af3a21f,0.2711344074156861,0.29892103151974786,0.42333370050347896,0.006610860561087043
6aa9c0e73a1c3,0.04655979123899173,0.9161796354260764,0.03100662148028357,0.00625395185464821
d365e96ce426a,0.5368674249148777,0.175473600917557,0.2848996370158384,0.002759337151726773
cbe78e29da85a,0.6621306331430866,0.1068167802801099,0.22633562640116975,0.004716960175633615
03b264b18c8c1,0.4245476445385402,0.48917451376266546,0.08419058300221766,0.002087258696576708
faab541957a50,0.7086367897386987,0.17582129023315754,0.11361111712043612,0.0019308029077076169
c8deb68c53946,0.8700090298462075,0.11252569776736783,0.015523941015348455,0.0019413313710763
a33a73a205b5c,0.5877866011016575,0.293216241571346,0.10402187080922282,0.014975286517773618
f50f1cb1526ea,0.499367594731258,0.33585913145141494,0.16108872662273174,0.0036845471945954
ca77a3fbbf9a2,0.21736691039944242,0.5752128726498115,0.2059068676355914,0.0015133493151545851
c284a5b75de72,0.3898442569943943,0.4295226201704901,0.17610969201572013,0.004523430819395393
984e8cc312693,0.6040882950339668,0.3091720230972877,0.08452100207304933,0.002218679795695994
ecc2046956e4f,0.6101966560370762,0.15805149763807522,0.22818333907097882,0.0035685072538698603
113143d46c10a,0.721962765990094,0.2444442784916709,0.030945281498275475,0.0026476740199595935
dbaed32fb3ff5,0.05541542999736236,0.8549684436000513,0.0787512159410045,0.010864910461581834
d59612009e4ff,0.3693763787364074,0.6079432761382401,0.02123359329653671,0.0014467518288157136
f09a4c1eb2241,0.8599207912936239,0.11047789155405215,0.028793758635644304,0.0008075585166794742
64babf6bc0c26,0.8047696320814015,0.16933270098048744,0.0246330205211958,0.0012646464169152251
be28687c974bd,0.7099933562261338,0.2403665952393072,0.04838771100717672,0.0012523375273824297
69053937dbe2f,0.065379528366809,0.9108268536519759,0.022515355659265893,0.0012782623219491657
d3084c3eb130d,0.784009458268866,0.1472101132789114,0.067613272077725,0.0011671563744975934
c5800e7b90f66,0.22633259936211877,0.6693094183695296,0.10082316411954838,0.0035348181488032405
add129f1acd7b,0.530120134774208,0.44659901854182726,0.01904583821077435,0.004235008473190351
fba5e868ad13d,0.5198389222784948,0.4143249962701426,0.06509128215860005,0.0007447992927625912
9625ef6e74393,0.6963658321802662,0.2877659163116307,0.014111995111867141,0.0017562563962361917
1cf1d8d901491,0.6767287136955618,0.286866473986568,0.03456527787684881,0.0018395344410213918
2db761e381e92,0.5806402275957214,0.14473270380514563,0.27280736461386645,0.001819703985266512
73d2624de6c2a,0.1569171739264048,0.34129900333317886,0.49176174871680955,0.010022074023606846
14e864dec4a3e,0.5033468921583696,0.21781259113439805,0.27720965111889107,0.0016308655883413587
97f725ae08b5d,0.7191071443101356,0.08495341055012173,0.19477743826632182,0.0011620068734209514
22ca9470b6682,0.5711284988537662,0.37815380821714334,0.04963817890878816,0.0010795140203023294
67acb94f3aa3f,0.30433486770506674,0.5553561348531334,0.13548758940592234,0.004821408035877543
5ee565b1c6c58,0.6942092756951548,0.25162704349437265,0.05213084935651154,0.0020328314539610737
5e52fb52ddd67,0.7487115961037407,0.17957413710397999,0.058770689698752064,0.012943577093527255
c24a27bececc5,0.7138397801770271,0.2033592726071979,0.07855556437256254,0.004245382843212594
82cdb80b63d3d,0.5702302563510341,0.3343556204455556,0.08617606896040075,0.009238054243009679
67a51dd0efc23,0.4833928603189102,0.48316109246144456,0.030547679463789976,0.002898367755855166
9f36283add9f7,0.8440214177487337,0.10487926216119364,0.04981361094812784,0.0012857091419447976
186b89dfadb80,0.526389653045331,0.31661919830791335,0.14991627979307495,0.007074868853680667
67833ffa4484d,0.6978778906148857,0.2615473742008177,0.0367245400204025,0.0038501951638941134
bd7c0b9a281f2,0.6295088065930862,0.3523825905992316,0.016394485192906386,0.0017141176147759
48c7f311b3c25,0.7971018006440241,0.14199176401234526,0.05978831484701679,0.0011181204966139084
181b0041ed23e,0.21520272204005997,0.5046468601227867,0.27637195114684443,0.00377846669030895
00ed5d7121970,0.8628207033784456,0.1136732534637687,0.017790216270212628,0.005715826887573247
0664a0730b8d3,0.46444172692133745,0.21795198795873322,0.3138378491394674,0.0037684359804619344
ca330f389b732,0.49877542768558875,0.33427568216397596,0.16525798705674344,0.001690903093691702
b6ca4f41fe269,0.14861965980919548,0.7463789350034717,0.10204741887960954,0.0029539863077232124
f883a19389bb6,0.2784572297129342,0.36058985450891423,0.355336570329818,0.005616345448333561
47ab0d194aea4,0.4313945678408881,0.5416444148199454,0.02637079675463074,0.0005902205845357476
24ba4f230e0d4,0.463748291029455,0.18163954684955463,0.34989342152965774,0.004718740591332567
e11ea669cd9ee,0.33712546113417335,0.5179390125846158,0.1432425468837313,0.0016929793974795526
d690b9ad73458,0.5578095749262323,0.3041291030366487,0.1349144309444713,0.0031468910926477256
77abe86f3bf63,0.9535266773756779,0.022768069975812235,0.023402069915125463,0.0003031827333844747
2f20b65953e25,0.41109514281368653,0.08390970871119932,0.1681220312745717,0.33687311720054247
3f5fb2cfcd506,0.9220211448123454,0.053147550991374394,0.02353048316555309,0.0013008210307271918
c41007d2dacc7,0.5563772086217267,0.4215354707354328,0.019308472927693304,0.00277884771514718
cf2fe07f47505,0.19843774510953396,0.1234415209076308,0.5787754341950335,0.09934529978780177
2c9a28808544f,0.4955057732048112,0.3660037665526408,0.06814542200566191,0.07034503823688618
ddbbb500adda5,0.5577247145751976,0.4206087553386336,0.019881652184772926,0.001784877901395875
6e4386833e213,0.5086784331677634,0.32757913329714133,0.1466849098770889,0.01705752365800643
edc8aa6c76be2,0.6827866176741438,0.10881423852920154,0.20670605751771057,0.0016930862789439369
d725fb6e315e7,0.8117952493810462,0.11001871545846442,0.07466451494506993,0.0035215202154194984
5894e1107180a,0.6478721745151497,0.24355551847579143,0.09700163144081368,0.011570675568245196
6360ae4028024,0.28409289823752326,0.6354478221564,0.07592420834337779,0.004535071262698981
8dd44f20f12ed,0.6102641501411722,0.08788887780635563,0.29990507983442766,0.0019418922180445097
5a9fffd4e4065,0.07914915950236603,0.8909928014575738,0.02659192511128754,0.003266113928772723
0582ccdaadae6,0.7815875862147332,0.15811198603794005,0.059190472948112964,0.0011099547992139058
b4bd7db9b127d,0.0630337754633826,0.8889138253194073,0.04550141632585003,0.002550982891360134
1b13da9f6507f,0.7426999908294629,0.16378838257798778,0.07911659768535279,0.014395028907196392
5e40c3c6ab265,0.9664418107130066,0.018208588384082416,0.014886143585229392,0.0004634573176815302
9c2adea981bc5,0.1483971333238341,0.8173279581571647,0.032252907786190624,0.0020220007328104147
4b65ffa78ed14,0.7601521753618972,0.2061922238613776,0.0240754648165684,0.009580135960156905
d96590e39ef39,0.7543642338859841,0.17109755760649228,0.0699716509300498,0.004566557577474017
15e7e4741406c,0.6647756596228439,0.3106834067219114,0.0229622919953835,0.0015786416598611971
8f39c8f5291af,0.29105796343079066,0.17335688695875326,0.5334697146931909,0.002115434917265101
a2da9054e7e4d,0.7671823725786607,0.2080616276891249,0.023183140725075633,0.0015728590071388197
07c1dce74ac49,0.08956059528753532,0.8582754911205209,0.05137625662257654,0.0007876569693672126
34c99f80668f8,0.20021261085721878,0.6565597691977151,0.1379060583814349,0.0053215615636312595
c0b9ab893b99f,0.5892358731748668,0.28153415591811654,0.12658907581865037,0.002640895088366192
5e88107a79e3d,0.09185929019921653,0.8096537804766,0.09708663293308617,0.0014002963910974197
069296eca3ce7,0.23282745210552694,0.5842076252174965,0.1788277239715294,0.004137198705447049
778fc212e608f,0.6008174751117034,0.3397597168237669,0.057760774778914295,0.0016620332856155315
23975751e2edc,0.6022880245565911,0.16123876086856404,0.23402143063979275,0.002451783935052093
e670d24a28e5c,0.7590174054868203,0.12145974939598436,0.1146199103224383,0.004902934794757026
cb0e2df1fe3ac,0.7001021539190445,0.2085091285991306,0.09022490760199038,0.001163809879834396
68c4e021daca2,0.02328785979431625,0.919593107846111,0.04134274607870035,0.01577628628087243
72a1e8e9ce54a,0.12194732739726981,0.631564373522211,0.24187939829227495,0.0046089007882443135
4c75afcaf529a,0.14667302510342753,0.718791601553762,0.10448626750240347,0.030049105840406935
09c270bc976c8,0.825792137637754,0.15468632665176804,0.01781493377770436,0.001706601932773546
5db8c7a8eaf17,0.6287536786463983,0.2578581175813599,0.11024148947630831,0.0031467142959333986
4ffd7a7e32026,0.6168614401159366,0.35270014093839774,0.026634671674306824,0.0038037472713587897
0d20616daa3eb,0.6318789977724618,0.2889153983754227,0.07827972400316825,0.0009258798489473019
755ed1cdfd528,0.11526792088466163,0.20080189459436165,0.6798562821462787,0.004073902374698028
d5017beb72d4e,0.5014984120125218,0.47271332765646157,0.024398618768752912,0.00138964156226368
db716b400d6d0,0.5794393497919893,0.11823540842035568,0.299292562471184,0.003032679316470983
3e51741276e13,0.6829111331821054,0.19590115192189067,0.11997373184765552,0.0012139830483483152
89b746665e0f9,0.7828554084256842,0.08487329399705706,0.11222211273804986,0.02004918483920893
9776f50625fa2,0.8057664417950017,0.13951891905675698,0.05243880073580282,0.002275838412438484
3add0fdb99a88,0.7637672309669881,0.1647467248885905,0.06932990438953628,0.0021561397548851375
496a9674bd046,0.9539569692869693,0.03234440342505294,0.01343043960163325,0.0002681876863445781
219d5402dcf1e,0.7299175321704883,0.2258014925927371,0.04035307869291597,0.003927896543858752
2a78e9d519da3,0.6599533342875467,0.2310594090944807,0.10712310255080933,0.0018641540671633374
6156b124e4316,0.11681730867582422,0.7148420919437023,0.16678537875338234,0.0015552206270910837
247ce90b93083,0.17188973556970596,0.734780992587519,0.09142586187970297,0.0019034099630720056
460f9985fbc73,0.46641614916933194,0.503103132929883,0.02732903671206932,0.0031516811887158866
42cbdc520be37,0.5932651792004857,0.16666614651699846,0.23911270528448972,0.0009559689980261263
320edd9a92940,0.1775278134838067,0.5400093549088854,0.2751277553845289,0.0073350762227790585
fb03265150bd9,0.6588083321742888,0.12881881345543378,0.06090059050780183,0.15147226386247564
bdd3f3a112bd3,0.9743835443720914,0.01444225385430589,0.011056507472870306,0.00011769430073260015
4d86db1e431e9,0.6701879340638323,0.09913269498128865,0.2299327163176878,0.0007466546371910865
efbc1956b8641,0.15209673004683563,0.7751384029327857,0.07161311313356508,0.0011517538868137014
a64d83abf14c1,0.21407848157557882,0.7009740334196302,0.08262001439042373,0.0023274706143672453
dd65244b7c5bf,0.4270188354074894,0.42196444230074437,0.1489458042523233,0.0020709180394431126
a241e62ddc58a,0.9163982710280205,0.05847606067991359,0.022075334331930947,0.003050333960134955
ef79022537337,0.5097406256841833,0.4582161219834173,0.02458876094363535,0.007454491388764072
f9a5b9d1ccff6,0.20117200571404073,0.6754858907003916,0.11991104236514642,0.003431061220421216
6657ead7433fa,0.6648719734047066,0.31505594457776104,0.0184510185737928,0.001621063443739458
788aed91add51,0.12896800836449904,0.7668691149606005,0.09973495286344972,0.004427923811450772
017f2211fcd07,0.13150755104112588,0.7085915480552791,0.1565592548618422,0.003341646041752762
c72cf3813a67d,0.3491969646493307,0.5106560441039475,0.13848192477749316,0.0016650664692287038
f352fa8ff26c2,0.6555387029313924,0.2596315075720563,0.08379766414560466,0.0010321253509467134
eea4f719edcf1,0.16203822329637171,0.7749514794506147,0.06170133498219315,0.0013089622708204731
e617d9a4c0c6b,0.4325815229344018,0.4667579470641256,0.09976794156441028,0.0008925884370623745
e42b1f7b9f5c7,0.08461213042969061,0.8961385665578182,0.015332719398657744,0.003916583613833327
77015a1bf9de1,0.2134845184996281,0.5588551146817092,0.2262965092093547,0.0013638576093080712
bd9685887dbfd,0.28759321296052626,0.5717182300663296,0.13960653113221785,0.0010820258409263673
9190a9f0e2f4a,0.6052175717791518,0.3336262219434364,0.05657607276447526,0.004580133512936391
ea4ddfc999a50,0.11833872147373033,0.1196635167817088,0.2454201384408806,0.5165776233036803
4459363f63263,0.5510826880666894,0.2698106197609632,0.17651201344112696,0.0025946787312204566
e70bfa4b8641a,0.8480862346466497,0.10713880878005351,0.04357638814420937,0.0011985684290874885
185349d3a3345,0.20608825522276716,0.591632298367314,0.19931263388940346,0.002966812520515358
b3308dc8e21c6,0.9652431341492158,0.021069778153261134,0.013477380969612538,0.00020970672791028182
8f545aa1ca394,0.7503835418275405,0.09369419543177669,0.15497313223595108,0.0009491305047316378
d2b503fbee298,0.1809173055295358,0.6297322964568315,0.18455640575272017,0.004793992260912564
39bb6c38ab7ad,0.7768229940917172,0.1458708124710565,0.06663299915026977,0.01067319428695651
64bfe20a6bcd6,0.3785444586757236,0.24517731513772079,0.3737030409221885,0.0025751852643670445
0bebce615255b,0.7562026759747535,0.17288660306786718,0.06688475990281395,0.0040259610545653485
ee015edcbca43,0.3210139594139534,0.1403395425322984,0.5379779875230285,0.0006685105307196445
01c7d077036a5,0.1320200264381343,0.1446292690313612,0.7167273576270655,0.006623346903439009
629a17640b6f2,0.15926946756742666,0.7587502990480098,0.07994388103608957,0.002036352348474024
47a2252476f5b,0.6136860249873665,0.13981104450561724,0.24458184220194643,0.0019210883050698039
7d9bc6f969c44,0.29640605555746324,0.47756400154444223,0.22249727313949444,0.00353266975860014
7be02fcbce717,0.9633841937055275,0.019272085016462537,0.016774399650956926,0.0005693216270529939
7c00eb1151bac,0.5487110804666135,0.36351996241445506,0.08236559278994651,0.005403364328984918
034dc7bd5fbe1,0.7831834087017073,0.05699879579061065,0.07921439159676359,0.08060340391091848
93f07cbc1ee8a,0.6948216628418128,0.2476753824518253,0.05591314944412911,0.0015898052622327938
c69b302f54c62,0.2042818617636993,0.2963890181744198,0.4937982821861661,0.005530837875714731
0753699f8e702,0.677823030266393,0.11341911546322238,0.20567293556327648,0.0030849187071080807
5b58a3570e29d,0.0737792918006724,0.12890028446593021,0.23244115924892775,0.5648792644844696
72140bc89d304,0.4832452140611602,0.19900448000670018,0.3135980983214155,0.004152207610724114
ead07bc039d39,0.7066129529005568,0.25410106498659746,0.03794706534098191,0.0013389167718640016
927e9a313a2ff,0.15129498806739136,0.6168876721864505,0.20995245128390538,0.021864888462252936
9be30263c7873,0.1885098240885231,0.12380599223526768,0.6498710144132149,0.03781316926299426
5204af487c424,0.6337868377174695,0.30044326937095955,0.06234031796184391,0.0034295749497271527
3b4f1cd954ecf,0.23157133755051632,0.7484939402247935,0.01907929036719497,0.0008554318574951796
2e4438586cb1f,0.5204605911809562,0.40404379690540254,0.0719000085318414,0.0035956033817998775
03f6d9dce4a94,0.9003963531007904,0.07556660940119773,0.01822965536127577,0.0058073821367361144
85c4215076ee8,0.37230203213711216,0.3599586474090407,0.2595703789983103,0.008168941455536814
4e9e123860c43,0.3305101923635807,0.6186561586621778,0.0406917898317077,0.010141859142533726
6b25bdb988de3,0.9074010727575775,0.04556817234090679,0.04460417820499377,0.0024265766965218907
5bdf33752016b,0.1703064181424504,0.7617458580628743,0.06521243076538638,0.0027352930292889282
52aaa9f845591,0.12682518833083184,0.8057252584866839,0.06669768379124458,0.000751869391239657
ae15f24bf4448,0.24393384527162817,0.6882069407431395,0.06712101171542013,0.0007382022698119802
601589fdbae68,0.15549888011225596,0.15260195146460992,0.679450740513451,0.012448427909683125
861c17b3ed2c6,0.25446806383950893,0.6632758780975743,0.07927089707255237,0.0029851609903645006
a70b706946a1f,0.9423229448365955,0.039307991167773025,0.017010815511076003,0.0013582484845554145
e93e92ee7091c,0.6745215450870521,0.10697931482241614,0.21710224784686094,0.001396892243670852
40cfee8fa3338,0.9551276853119005,0.029098094849315734,0.015204463969875905,0.0005697558689079661
32d3baf6d138b,0.6996641850922044,0.20914817268347166,0.08101286911171693,0.010174773112607066
9e45c78bb6bb2,0.59804930128863,0.3585291861143395,0.042206790489936745,0.0012147221070938031
ee1b94b461f2c,0.9688828277859614,0.01725571864397137,0.013491293180375502,0.00037016038969182646
f8ea3a7633ab2,0.6724994192830376,0.11524921954637614,0.2104600656364914,0.001791295534095005
f9bf4ce79ba88,0.8400970698363419,0.0912095005357741,0.0211777333237953,0.04751569630408849
d5f8b6c8e4295,0.19507037548398776,0.6542280466264357,0.14661538593403986,0.004086191955536609
50345cc9e464a,0.1203250485393279,0.10910879583292855,0.7328527685305621,0.03771338709718142
c2498069bdd1d,0.2319848495393232,0.5782568467588849,0.18659249556447766,0.0031658081373141284
8c2a5aefae2ac,0.049169122725913686,0.9242447634035642,0.022529272206635535,0.004056841663886476
619dac1665aaf,0.37029348614347607,0.587667823071698,0.04058429569516879,0.0014543950896572567
94277661e9626,0.08799275870222735,0.061904314565985226,0.8241657886908809,0.025937138040906558
14e2b10ce1cae,0.9285759738991809,0.04799910067985731,0.022198502107533172,0.0012264233134286846
0c13cabbd2598,0.3816601526327215,0.4815645397893735,0.13027955964206384,0.006495747935841045
a081aa02cf84b,0.7998279365709652,0.15368914048188045,0.04374198902882542,0.00274093391832891
5fdc6d3cf8bfd,0.1889449401185449,0.6044437862922689,0.19996527066628444,0.006646002922901662
905a001a8964c,0.2792177679286159,0.693701050465447,0.026172070600611413,0.0009091110053257658
9b4399c86c840,0.7344691521810206,0.24842308885285927,0.016301967520801108,0.000805791445318955
caff54b28b2fe,0.9490794593214134,0.030990694851129447,0.019576916060528676,0.00035292976692838607
f05f532cb3ba8,0.23015858960205585,0.6892574746501567,0.07651280054167073,0.004071135206116579
cd0db99193ca9,0.4686482387654489,0.20444778750363418,0.3247674383446539,0.0021365353862630803
9d714bc62008f,0.6776417269982392,0.26025845175361484,0.061868446225900015,0.0002313750222459486
2d1a3240e6f24,0.39946879585229844,0.06728265693981438,0.5305245378295197,0.0027240093783675186
387bb54ba70cf,0.748956162673732,0.2240108639656474,0.022999784738559355,0.00403318862206128
b5059f66bb7de,0.37388217935433044,0.5905332789950141,0.03224148965685401,0.003343051993801525
2b07e3678dc45,0.2078782524715539,0.7091135175828847,0.08044230480680621,0.002565925138755346
03df57200c351,0.726082876225886,0.11532133808874022,0.15759452510706456,0.00100126057830933
a81468bde1554,0.21530185795932136,0.5835584938873181,0.19414187328641544,0.006997774866945173
4cdee10298bcd,0.17486181253402983,0.07939718246361116,0.22935264901444843,0.5163883559879106
0967f5268aebf,0.806314572682683,0.09873013136529364,0.09032589732305467,0.004629398628968642
d7fedd5615367,0.7297709105784761,0.15735051269341896,0.11104152795623595,0.0018370487718688971
1b2f7add4b222,0.8325292069068035,0.10278924042268518,0.06334173062026804,0.0013398220502432129
0c86fae15fcc9,0.538848227968855,0.3237311642947839,0.11464412570837414,0.022776482027987145
7909d9ac89a87,0.4319352104925008,0.39852641880010653,0.14975496924420476,0.019783401463187942
2aa613d131c22,0.1941938019553827,0.37771711795274143,0.42206731614475707,0.006021763947118965
dc297e1356cdd,0.6609418901807056,0.11995598963212774,0.21611051939662965,0.002991600790536959
3c69dbb1a3466,0.5527313679797844,0.38531870039223654,0.05939144907103507,0.0025584825569439115
0a6ada05bd94f,0.09724067137512406,0.7446940175441987,0.15685511608579059,0.0012101949948865912
908126d988984,0.24447491253115028,0.6091886808409426,0.14380839528254355,0.0025280113453637
b3cde4c3a19c8,0.18848603528539254,0.13708244659936863,0.39884227246065335,0.2755892456545855
05af8f95ffd07,0.5999762111961887,0.13652284172911566,0.2622253972766255,0.0012755497980702054
0349f87fb4d2c,0.7042120401675436,0.17625085993133943,0.11799570715350294,0.0015413927476141667
382521416fa3f,0.6363175230534335,0.34255819717153413,0.020581146222855836,0.0005431335521765685
f96176399750f,0.30101116287381663,0.5422750633004424,0.1465100399168252,0.010203733908915937
208250b7966cd,0.34242946107448846,0.2697214877332097,0.38602294217589606,0.0018261090164059014
1f7ad45393caf,0.6546334911949919,0.3195691086331294,0.02199568032979008,0.0038017198420885264
020874f416fab,0.5316645932184791,0.368820265390645,0.09267457518498409,0.006840566205891886
169a2386ddb22,0.5566182941632617,0.40643878984009923,0.03633624860258293,0.0006066673940561036
dff5d34ecce71,0.07441807250393997,0.8551763630912852,0.06080882068843026,0.009596743716344653
3066d505297ab,0.6241237945116693,0.274243552274511,0.09910583389694903,0.002526819316870481
05b3eafba09a3,0.6375202116380725,0.13336852128507212,0.22753438599514003,0.0015768810817152925
ea8b67fb8cb2b,0.6219279046590351,0.3483329086716359,0.021487634859579795,0.008251551809749187
4bce241560a7f,0.6963658321802662,0.2877659163116307,0.014111995111867141,0.0017562563962361917
9750df627c4f9,0.7593902089513908,0.19457994953003538,0.0434228583116631,0.0026069832069107158
5026b4a9a9e96,0.13873398742076146,0.47397689173427254,0.3846838691470611,0.0026052516979049945
fb868ca8f6d39,0.6127088774405786,0.3592593597044827,0.025344182872920944,0.002687579982017869
ee81453dc8232,0.440402563362463,0.2678063297100154,0.2894235228836451,0.0023675840438764527
77c8d4117089e,0.6368985165449551,0.14655415424626336,0.21365087030693547,0.0028964589018461847
fd650c0b9b25d,0.4189894742631613,0.5342660239677588,0.042322685614819756,0.004421816154260092
1293e46cf7416,0.5747509940747507,0.12289877041451552,0.30066568613620054,0.0016845493745332178
fca0598be79a9,0.9058714846709688,0.05865487712695679,0.03490140253142563,0.0005722356706490897
62f0457d06a96,0.43830468518587784,0.48205295378592083,0.07610788405198957,0.003534476976211741
fbee63367abb8,0.684984135043547,0.10966724659722793,0.2033789556251182,0.001969662734106741
3a2142eba4410,0.1271024428908622,0.2923437399713964,0.5739453569239179,0.00660846021382344
3b5af0dbb8ca5,0.24663407239278412,0.31769541973906434,0.4344933431156846,0.00117716475246706
d1a1dc263b4a2,0.6337866718860615,0.3241497735941538,0.04137309803400815,0.0006904564857765416
d23763652dab7,0.6260103373480789,0.28751482251217264,0.0624676148449457,0.024007225294802724
c634b0a777bcd,0.17593798652548387,0.7341279007778396,0.08841412735489916,0.0015199853417772872
751b6cd26a219,0.6811785301999966,0.20089805563229557,0.10117748553375872,0.016745928633948918
5332001aa6aef,0.1834343850084823,0.5587530139091846,0.253099162586449,0.004713438495883919
e4768ac20be62,0.7573789116000657,0.0819296903786744,0.15895936671652644,0.0017320313047333306
db6a175b5d194,0.05792347399628505,0.8826215025254053,0.05305609353952608,0.00639892993878357
0646b40a21a4e,0.17759650499284765,0.5403720994589704,0.2798520839851798,0.0021793115630020757
56d5c15819380,0.2014633260540954,0.7143450954543185,0.08229604840573375,0.0018955300858524127
6f9e9f22e8832,0.5252444879121155,0.38456198937965713,0.08858472118864527,0.0016088015195821722
3fee42dba0b9b,0.6508940271967689,0.25371529901151474,0.09334500544808355,0.002045668343632946
17679e970b6a5,0.6153965463105738,0.30959200084102007,0.0711216657324939,0.0038897871159122113
3c6ea7f23ab36,0.3747161988143789,0.5812472467891722,0.03783409059211624,0.006202463804332664
5503c2dd949fa,0.3649017597104799,0.5281301095194426,0.10418793899540003,0.002780191774677482
1996288063f3e,0.27142304602042183,0.33519117158341993,0.3840729446369571,0.0093128377592012
92d86617221f1,0.16147696271517784,0.7074674841565846,0.1285247061360759,0.0025308469921617002
b5369e70180f6,0.17106789384666898,0.8089192896302901,0.018485532187441672,0.0015272843355989894
9417602deda2e,0.21822037548345735,0.7622316568241322,0.016818983277823638,0.0027289844145868
5daeac7f03a0b,0.37349614598001446,0.5914425075568307,0.03377938795990586,0.0012819585032490238
c5984240e5ca1,0.7147112534527935,0.24199925538418363,0.04075779792172701,0.0025316932412959214
564400d72a10d,0.7041539534046525,0.21711381425745205,0.07689797883532094,0.0018342535025744763
f62299b9ed03a,0.7137094286457855,0.21254707153243585,0.07159626829367033,0.0021472315281083018
b86cc93ba15e6,0.7475885408957395,0.19135561095381431,0.05836156561384723,0.0026942825365989733
6caf76dccf61b,0.07654690128985943,0.856182792247008,0.06686682962963571,0.0004034768334966545
e2beb78529389,0.1632750684522381,0.6655434979897978,0.168664796205957,0.0025166373520071517
df0602bafc853,0.7514554280060612,0.15790913569640005,0.08633663608524549,0.004298800212293057
af55c5cd70cc9,0.22250890236611517,0.6945956731503217,0.07787757148932359,0.005017852994239654
6f24d514b2cda,0.0655065443276446,0.877111223740141,0.055081259911658506,0.0023009720205557963
c86c7ee85f26a,0.5331506730412016,0.3853987705467238,0.08011678143650997,0.001333774975564672
963b79cf906fa,0.6283006245539001,0.28007147188771797,0.08956927622472795,0.0020586273336538506
6dc1538c8be1d,0.18349115309878355,0.7517650950808734,0.06281894066356015,0.0019248111567829397
51b91f1ad3b34,0.9093747776407995,0.021972132526598298,0.06821836650877741,0.0004347233238249281
d8100b944cf06,0.28103043253626725,0.6770308589036396,0.040611003404012296,0.0013277051560808462
2253ca980a8a6,0.7583091134255643,0.14220345970840256,0.09685476399921836,0.0026326628668148903
7471770845676,0.18765293333805694,0.6499228940821261,0.16048615902308452,0.0019380135567323613
70d420ad13d0c,0.5584002873370183,0.39003724845835586,0.04924099183296749,0.0023214723716583137
48036daabd02c,0.16176427021125775,0.30294930735010867,0.49917022062140654,0.03611620181722712
51b1129b73a45,0.8604563099744824,0.09924742090208397,0.0396158947070196,0.0006803744164141234
02fa1a16cd3f8,0.07343107847510875,0.8649870380908439,0.053187727638332655,0.008394155795714613
6133a8d0966d5,0.14774608886428098,0.7584336779126205,0.09240890625914881,0.00141132696394967
92b3cf64759c6,0.48991878322679794,0.3218576347533735,0.1871159851140391,0.0011075969057894003
736ef9d5c1d0a,0.24289978243689792,0.4847661132176722,0.26657461393945786,0.005759490405971911
17e43e152970b,0.47196943365513655,0.19786067953568673,0.32636296818440425,0.0038069186247726033
221d09fc402a9,0.6746755765937632,0.2192433522523552,0.10400640947149128,0.002074661682390209
faca71a6a7117,0.9456724701672274,0.034083947949894555,0.019619947196768323,0.0006236346861096848
181e02f126b06,0.9154152655889745,0.06133684344442587,0.020326496328833012,0.002921394637766704
414ba022e2b58,0.4950428365352163,0.31132683452945326,0.19093303168584458,0.0026972972494859436
601f766027bbb,0.20430445678408848,0.5867219876218087,0.20408461868143635,0.0048889369126663956
e69843ee7099d,0.8987783346232457,0.06269426120377719,0.03772671627077866,0.0008006879021984118
845966878ecff,0.7688768346080506,0.15087607822179083,0.06189172553827403,0.01835536163188442
3d592226da83a,0.8162563304135202,0.11455108038834574,0.06752335040197184,0.0016692387961621594
b67353b29b528,0.1814055937943327,0.6438909579397822,0.17136446865734833,0.003338979608536823
37624dfdad110,0.6522222102418296,0.2935930874707201,0.05234838578366781,0.0018363165037825315
34b6c602595ee,0.5862228913448083,0.2816305799926985,0.0993814211403417,0.032765107522151456
8acefee135608,0.21762701368808676,0.6144353744827462,0.16024239068754131,0.007695221141625722
5d0e097609225,0.15431755128745933,0.731226642499228,0.09216002696833968,0.022295779244973
ed1835c1cc5a0,0.44779093822116384,0.5214464456425928,0.029841176646808663,0.0009214394894346374
da1e58444d18c,0.7125341347498887,0.2066846266095422,0.07994260930839021,0.0008386293321787623
41756c74f61c3,0.0874572513511847,0.8353216401650289,0.07592953951846942,0.0012915689653170673
217a3419da062,0.13599948991250116,0.7745973111465427,0.08816286218743973,0.0012403367535165095
